HL,112,-74,13
HL,112,-74,13
HR,302,-64,13
HR,301,-64,13
HL,112,-74,13
HL,112,-74,13
HR,301,-64,13
HR,301,-64,13
HL,112,-74,13
HL,112,-74,13
HR,301,-64,13
HR,301,-64,13
HL,112,-74,13
HL,112,-74,13
HR,301,-64,13
HR,301,-64,13
HL,112,-74,12
HL,112,-74,12
HR,301,-64,13
HR,301,-64,13
HL,112,-74,12
HL,112,-74,12
HR,301,-64,13
HR,301,-64,14
HL,112,-74,12
HL,111,-74,12
HR,301,-64,14
HR,301,-64,14
HL,111,-74,11
HL,111,-74,11
HR,301,-64,14
HR,301,-64,14
HL,111,-74,11
HL,111,-74,11
HR,301,-64,14
HR,301,-64,14
HL,111,-74,11
HL,111,-74,11
HR,301,-64,14
HR,301,-64,14
HL,111,-74,10
HL,111,-74,10
HR,301,-64,14
HL,111,-74,10
HL,111,-74,10
HR,301,-64,14
HR,301,-64,14
HL,111,-74,10
HL,111,-74,11
HR,301,-64,14
HR,301,-64,14
HL,110,-74,11
HL,110,-74,11
HR,301,-64,15
HR,301,-64,15
HL,110,-74,11
HL,110,-74,11
HR,301,-64,15
HR,301,-64,15
HL,110,-74,11
HL,110,-74,11
HR,301,-64,14
HR,301,-64,14
HL,110,-75,11
HL,110,-75,11
HR,300,-64,14
HR,300,-64,14
HL,110,-75,11
HL,110,-75,11
HR,300,-64,14
HR,300,-64,14
HL,110,-75,12
HL,110,-75,12
HR,300,-64,14
HR,300,-64,14
HL,110,-75,12
HL,110,-75,12
HR,300,-64,14
HR,300,-64,14
HL,110,-75,12
HL,110,-75,12
HR,300,-64,14
HR,300,-64,14
HL,110,-75,12
HL,110,-75,12
HR,300,-64,14
HR,300,-64,14
HL,109,-75,11
HL,109,-75,11
HR,300,-64,14
HR,300,-64,15
HL,109,-75,11
HL,109,-75,10
HR,300,-64,15
HR,300,-63,15
HL,109,-75,10
HL,109,-75,10
HR,300,-63,15
HR,300,-63,16
HL,109,-75,9
HL,109,-75,9
HR,300,-63,16
HR,300,-63,16
HL,108,-75,8
HL,108,-75,8
HR,300,-63,16
HR,300,-63,16
HL,108,-75,8
HL,108,-75,8
HL,108,-75,7
HL,108,-75,7
HR,300,-63,16
HR,300,-63,16
HL,108,-75,6
HL,108,-75,6
HR,300,-63,17
HR,300,-63,18
HL,107,-75,5
HL,107,-75,4
HR,300,-63,18
HR,300,-63,18
HL,107,-75,3
HL,107,-75,3
HR,300,-63,19
HR,300,-63,20
HL,106,-74,3
HL,106,-74,3
HL,106,-74,3
HL,106,-74,3
HR,300,-63,20
HR,299,-63,20
HL,106,-74,2
HL,105,-74,2
HR,299,-63,21
HR,299,-63,22
HL,104,-74,0
HL,104,-74,0
HR,299,-63,23HL,103,-74,-3
HL,102,-73,-4

HR,299,-62,23
HR,299,-62,24
HL,102,-73,-6
HL,101,-73,-7
HR,300,-61,25
HR,300,-61,25
HL,101,-73,-8
HL,100,-73,-10
HR,300,-61,26
HR,300,-61,26
HL,100,-73,-11
HL,99,-74,-13
HR,300,-60,26
HR,300,-60,26
HL,99,-74,-14
HL,98,-74,-15
HR,299,-60,27
HR,299,-60,27
HL,96,-74,-20
HL,95,-74,-21
HR,298,-60,28
HR,298,-59,28
HL,95,-74,-22
HL,94,-73,-24
HR,298,-59,29
HR,297,-59,29
HL,92,-73,-27
HL,91,-73,-29
HR,297,-58,30
HR,297,-58,30
HL,91,-73,-30
HL,90,-72,-32
HR,296,-58,31
HR,296,-57,31
HL,89,-72,-33
HL,89,-72,-34
HR,296,-57,31
HR,296,-57,31
HL,88,-72,-35
HL,87,-72,-37
HR,296,-56,31
HR,296,-56,30
HL,87,-72,-38
HL,87,-72,-39
HR,295,-56,30
HR,295,-55,30
HL,86,-71,-40
HL,86,-71,-41
HR,295,-55,30
HR,295,-55,30
HL,85,-71,-43
HL,85,-71,-44
HR,295,-54,30
HR,295,-54,30
HL,85,-71,-46
HL,84,-71,-47
HR,295,-53,30
HR,295,-53,30
HL,83,-70,-48
HL,83,-70,-48
HR,294,-53,31
HR,294,-53,32
HL,82,-69,-49
HL,81,-69,-49
HR,293,-52,32
HR,293,-52,33
HL,80,-69,-50
HL,80,-69,-50
HR,293,-52,33
HR,293,-52,33
HL,80,-69,-51
HL,80,-69,-51
HR,293,-52,33
HR,293,-52,33
HL,80,-69,-52
HL,80,-69,-53
HR,293,-52,33
HR,294,-52,33
HL,80,-69,-55
HL,80,-69,-56
HR,295,-52,34
HR,295,-53,35
HL,80,-69,-58
HL,80,-69,-58
HR,296,-53,35
HR,296,-53,36
HL,79,-68,-59
HL,79,-68,-58
HR,297,-53,38
HR,297,-53,38
HL,79,-68,-58
HL,79,-68,-58
HR,298,-53,39
HR,299,-53,40
HL,80,-69,-57
HL,80,-69,-56
HR,300,-53,41
HR,300,-53,42
HL,81,-69,-55
HL,81,-69,-54
HR,302,-53,44
HR,302,-53,44
HL,82,-68,-53
HL,82,-68,-52
HR,304,-53,46
HR,304,-52,47
HL,83,-67,-51HR,306,-52,49

HL,83,-67,-51
HL,85,-65,-44
HR,306,-52,50
HL,86,-64,-42
HL,86,-64,-41
HR,309,-53,54
HR,310,-53,56
HL,87,-63,-40
HL,88,-63,-40
HR,311,-53,56
HR,311,-53,56
HL,89,-63,-38
HL,90,-63,-37
HR,310,-54,55
HR,310,-54,54
HL,90,-64,-35
HL,90,-65,-35
HR,309,-53,50
HR,308,-53,49
HL,90,-65,-35
HL,90,-66,-35
HR,307,-53,47
HR,306,-53,47
HL,90,-66,-36
HL,90,-67,-35
HR,305,-54,45
HR,305,-55,44
HL,91,-67,-33
HL,91,-68,-32
HR,305,-56,43
HR,305,-57,43
HL,91,-68,-33
HL,91,-68,-33
HR,306,-59,46
HR,306,-59,47
HL,91,-67,-35
HL,90,-67,-37
HR,306,-59,46
HR,306,-58,46
HL,89,-66,-39
HL,88,-66,-40
HR,305,-57,46
HR,304,-57,45
HL,86,-66,-42
HL,85,-66,-43
HR,302,-57,44
HR,302,-56,44
HL,84,-66,-45
HL,83,-66,-46
HR,300,-56,42
HR,300,-56,41
HL,82,-66,-48
HL,82,-66,-49
HR,300,-55,40
HR,300,-55,39
HL,83,-66,-51
HL,83,-66,-52
HR,299,-55,38
HR,299,-55,37
HL,84,-66,-52
HL,84,-66,-52
HR,300,-55,36
HR,300,-56,37
HL,84,-66,-50
HL,85,-66,-48
HR,301,-57,37
HR,301,-58,37
HL,86,-66,-47
HL,87,-67,-46
HR,302,-59,37
HR,303,-59,36
HL,89,-68,-45
HL,90,-69,-44
HR,304,-60,36
HR,304,-61,36
HL,92,-70,-41
HL,92,-70,-40
HR,303,-62,35
HR,303,-62,34
HL,93,-71,-35
HL,94,-72,-33
HR,305,-62,34
HR,305,-62,35
HL,96,-74,-34
HL,96,-75,-36
HR,306,-62,36
HR,307,-62,37
HL,96,-75,-36
HL,96,-74,-35
HR,308,-61,40
HR,309,-61,42
HL,96,-73,-34
HL,96,-72,-34
HR,310,-61,44
HR,311,-60,46
HL,97,-71,-33
HR,312,-60,47
HR,313,-59,48
HL,98,-70,-33
HL,99,-69,-32
HL,98,-68,-30
HL,98,-68,-29
HR,313,-59,49
HR,313,-59,50
HL,98,-68,-29
HL,97,-69,-29
HR,311,-59,50
HR,311,-59,50
HL,97,-69,-29
HL,97,-70,-28
HR,310,-59,49
HR,309,-59,48
HL,96,-70,-26
HL,96,-70,-25
HR,308,-60,47
HR,307,-61,47
HL,97,-71,-23
HL,97,-71,-22
HR,306,-63,45
HR,306,-64,45
HL,98,-71,-18
HL,98,-71,-18
HR,306,-66,45
HR,306,-67,45
HL,99,-70,-19
HL,99,-70,-20
HR,307,-67,44
HR,308,-66,43
HL,98,-69,-24
HL,98,-68,-27
HR,308,-64,43
HR,308,-64,43
HL,96,-68,-30
HL,94,-68,-32
HR,306,-62,41
HR,305,-61,41
HL,92,-67,-34
HL,91,-67,-36
HR,303,-60,40
HR,303,-59,40
HL,89,-67,-39
HL,89,-67,-41
HR,302,-58,39
HR,302,-58,38
HL,89,-67,-42
HL,90,-67,-45
HR,302,-57,35
HR,303,-57,34
HL,91,-67,-45
HL,92,-67,-45
HR,304,-58,33
HR,305,-58,33
HL,93,-67,-44
HL,94,-67,-43
HR,306,-59,34
HR,307,-60,33
HL,95,-67,-43
HL,98,-69,-42
HR,308,-61,32
HR,309,-61,32
HL,99,-70,-42
HL,101,-72,-39
HR,309,-63,30
HR,309,-63,29
HL,102,-73,-37
HL,103,-74,-35
HR,309,-62,27
HR,309,-62,27
HL,104,-76,-33
HL,105,-78,-33
HR,310,-62,29
HR,310,-63,30
HL,105,-78,-32
HL,105,-77,-31
HR,311,-63,33
HR,311,-63,34
HL,104,-76,-30
HL,104,-75,-30
HR,313,-62,38
HR,313,-62,39
HL,104,-74,-30
HL,105,-73,-30
HR,315,-61,41
HR,315,-61,42
HL,105,-72,-30
HL,105,-72,-30
HR,316,-60,44
HR,315,-60,44
HL,105,-71,-30
HL,104,-71,-30
HR,315,-59,44
HR,314,-58,44
HL,104,-71,-30
HL,104,-71,-30
HR,314,-58,43
HR,313,-57,42
HL,103,-72,-31
HL,103,-73,-32
HR,313,-57,41
HR,312,-57,40
HL,103,-73,-31
HL,102,-73,-30
HR,310,-59,40
HR,309,-60,40
HL,102,-74,-27
HL,101,-74,-26
HR,308,-61,38
HR,307,-62,37
HL,101,-75,-23
HL,102,-75,-21
HR,307,-64,36
HR,307,-65,35
HL,102,-74,-19
HL,101,-74,-18
HR,306,-66,35
HR,306,-67,37
HL,101,-74,-19
HL,100,-74,-21
HR,306,-67,38
HR,306,-66,37
HL,100,-74,-24
HL,99,-73,-27
HR,306,-63,35
HR,305,-63,35
HL,97,-73,-32
HL,96,-72,-33
HR,303,-62,34
HR,302,-61,34
HL,93,-72,-36
HL,92,-71,-38
HR,301,-61,33
HR,301,-61,32
HL,92,-71,-41
HL,92,-71,-42
HR,301,-60,31
HR,301,-60,30
HL,93,-71,-42
HL,93,-71,-41
HR,302,-60,30
HR,302,-61,30
HL,94,-70,-40
HL,94,-70,-39
HR,301,-62,30
HR,301,-63,30
HL,94,-71,-37
HL,95,-71,-37
HR,301,-64,29
HR,301,-64,28
HL,96,-73,-34
HL,98,-74,-33
HR,302,-65,26
HR,302,-66,25
HL,100,-75,-28
HL,100,-76,-26
HR,302,-65,21
HR,302,-65,20
HL,102,-78,-20
HL,103,-79,-17
HR,303,-65,20
HR,304,-65,22
HL,105,-81,-14
HL,105,-81,-13
HR,305,-65,24
HR,305,-65,24
HL,105,-80,-16
HL,105,-80,-18
HR,306,-65,28
HR,306,-65,30
HL,104,-79,-19
HL,105,-78,-20
HR,308,-64,32
HR,308,-64,33
HL,105,-78,-20
HL,105,-77,-21
HR,309,-63,34
HR,308,-62,35
HL,105,-77,-22
HL,104,-76,-22
HR,308,-62,36
HR,308,-61,36
HL,104,-76,-21
HL,103,-76,-22
HR,307,-60,35
HR,307,-60,35
HL,103,-77,-24
HL,103,-77,-26
HR,307,-59,34
HR,307,-59,34
HL,103,-78,-26
HL,103,-78,-26
HR,306,-59,32
HR,305,-60,31
HL,103,-79,-21
HL,103,-79,-19
HR,303,-62,29
HR,303,-62,28
HL,102,-80,-13
HL,102,-81,-10
HR,302,-64,25
HR,301,-66,24
HL,102,-79,-2
HL,102,-79,0
HR,299,-69,23
HR,298,-70,22
HL,101,-79,1
HL,101,-78,0
HR,298,-71,23
HR,299,-71,24
HL,102,-78,-5
HL,101,-78,-8
HR,299,-70,24
HR,299,-70,24
HL,99,-77,-15
HL,98,-77,-18
HR,298,-69,24
HR,297,-68,25
HL,95,-77,-23
HL,94,-76,-25
HR,296,-67,26
HR,295,-67,25
HL,93,-76,-27
HL,93,-75,-27
HR,295,-67,25
HR,294,-67,25
HL,93,-75,-28
HL,93,-74,-28
HR,294,-66,25
HR,294,-66,24
HL,92,-73,-30
HL,92,-73,-30
HR,294,-66,26
HR,293,-67,26
HL,91,-72,-28
HL,92,-73,-26
HR,292,-68,25
HR,292,-69,24
HL,93,-73,-20
HL,94,-73,-16
HR,292,-70,22
HR,292,-70,20
HL,97,-74,-11
HL,97,-75,-8
HR,292,-71,17
HR,292,-70,15
HL,99,-76,-1
HL,99,-77,3
HR,291,-70,11
HR,291,-70,10
HL,101,-79,13
HL,102,-79,16
HR,291,-69,9
HR,291,-69,10
HL,102,-79,19
HL,102,-79,18
HR,291,-70,10
HR,291,-70,11
HL,102,-78,16
HL,102,-78,15
HR,292,-70,12
HR,292,-70,13
HL,103,-78,14
HL,103,-78,14
HR,294,-70,15
HR,294,-70,16
HL,104,-78,13
HL,104,-78,13
HR,295,-69,17
HR,295,-69,19
HL,103,-79,12
HL,102,-79,11
HR,294,-68,21
HR,294,-67,22
HL,101,-80,10
HL,101,-80,10
HR,294,-67,21
HR,293,-66,21
HL,101,-81,10
HL,101,-81,9
HR,294,-65,19
HR,293,-65,18
HL,101,-82,9
HL,101,-82,12
HR,293,-65,18
HR,292,-65,15
HL,101,-83,2
HL,101,-83,2
HR,290,-66,11
HR,290,-67,10
HL,101,-82,30
HL,101,-81,30
HR,289,-67,8
HR,288,-69,6
HL,100,-81,31
HL,100,-80,34
HR,287,-70,5
HR,286,-71,3
HL,99,-80,34
HL,99,-80,33
HR,285,-72,2
HR,284,-72,1
HL,98,-79,30
HL,98,-79,29
HR,284,-72,1
HR,284,-71,1
HR,284,-71,1
HR,285,-70,2
HL,98,-79,28
HL,98,-79,24
HR,285,-71,2
HR,284,-70,4
HL,97,-79,17
HL,96,-79,15
HR,284,-70,4
HR,283,-70,5
HL,96,-78,14
HL,95,-78,13
HR,283,-69,5
HR,282,-69,5
HL,94,-78,13
HL,94,-78,13
HR,281,-69,5
HR,280,-69,5
HL,92,-78,14
HL,91,-78,17
HR,279,-69,6
HR,278,-69,5
HL,91,-78,18
HL,91,-77,22
HR,277,-69,4
HR,277,-70,1
HL,91,-78,24
HL,92,-78,27
HR,276,-70,0
HR,275,-70,-3
HL,92,-78,36
HL,93,-78,45
HR,275,-70,-4
HR,274,-70,-4
HL,93,-78,49
HL,93,-78,52
HR,274,-70,-4
HR,274,-70,-3
HL,93,-78,51
HL,91,-78,47
HR,273,-70,-2
HR,273,-70,0
HL,90,-78,45
HL,90,-79,44
HR,273,-70,0
HR,273,-70,2
HL,89,-79,41
HL,88,-79,39
HR,274,-70,5
HR,273,-70,7
HL,87,-80,37
HL,87,-80,36
HR,273,-70,8
HR,272,-70,9
HL,86,-80,36
HL,85,-80,37
HR,271,-70,9
HR,270,-70,9
HL,84,-81,41
HL,83,-82,43
HR,269,-69,9
HR,268,-69,9
HL,82,-83,47
HL,81,-83,5
HR,267,-68,9
HR,266,-68,9
HL,79,-84,4
HL,79,-84,4
HR,265,-67,9
HR,264,-67,9
HL,77,-85,3
HL,76,-86,3
HR,263,-67,9
HR,261,-67,9
HL,74,-86,3
HL,72,-86,3
HR,260,-67,9
HR,259,-67,8
HL,70,-86,2
HL,70,-85,2
HR,257,-67,8
HR,256,-68,8
HL,67,-85,2
HL,66,-84,2
HR,255,-68,8
HR,254,-68,8
HL,64,-84,2
HL,63,-84,2
HR,251,-67,8
HR,250,-67,8
HL,60,-84,2
HL,58,-84,1
HR,247,-66,8
HR,246,-66,9
HL,54,-84,1
HL,52,-84,0
HR,243,-65,11
HR,240,-64,13
HL,47,-84,0
HL,45,-84,0
HR,239,-64,14
HR,235,-63,16
HL,40,-84,-1
HL,38,-84,-2
HR,233,-63,17
HR,232,-62,18
HL,33,-84,-2
HL,31,-84,-3
HR,228,-61,19
HR,226,-61,19
HL,26,-84,-3
HL,23,-84,-3
HR,222,-60,19
HR,220,-60,20
HL,18,-83,-4HR,217,-60,21
HR,215,-60,22

HL,16,-83,-4
HL,11,-83,-4
HR,211,-61,24
HR,209,-61,24
HL,4,-83,-48
HL,2,-82,-48
HR,206,-60,26
HR,204,-60,27
HL,359,-82,-50
HL,358,-82,-51
HR,202,-60,28
HR,201,-60,29
HL,356,-82,-52
HL,355,-82,-52
HR,199,-60,30
HR,199,-60,31
HL,353,-81,-51
HL,351,-81,-49
HR,197,-61,32
HR,195,-61,33
HL,348,-80,-48
HL,346,-80,-48
HR,192,-61,34
HR,191,-60,35
HL,343,-79,-48
HL,342,-79,-48
HR,189,-60,36
HR,188,-60,37
HL,339,-78,-48
HL,338,-78,-48
HR,186,-61,38
HR,185,-61,39
HL,336,-77,-48
HL,334,-77,-48
HR,183,-60,40
HR,182,-60,41
HL,332,-76,-48
HL,331,-75,-47
HR,180,-60,42
HR,179,-60,43
HL,328,-75,-47
HL,327,-74,-48
HR,178,-60,44
HR,178,-60,45
HL,326,-73,-48
HL,325,-73,-48
HR,177,-60,47
HR,177,-60,47
HL,323,-72,-49
HL,322,-72,-49
HR,176,-60,48
HR,176,-59,49
HL,321,-72,-50
HL,320,-72,-50
HR,175,-59,50
HR,174,-59,50
HL,319,-71,-51
HL,319,-71,-51
HR,174,-59,51
HR,174,-58,51
HL,317,-71,-52
HL,317,-71,-52
HR,173,-58,52
HR,173,-58,52
HL,316,-70,-52
HL,315,-70,-52
HR,172,-57,53
HR,172,-57,53
HL,314,-69,-53
HL,313,-69,-53
HR,172,-57,54
HR,172,-56,54
HL,311,-68,-53
HL,310,-68,-53
HR,171,-55,55
HR,170,-55,55
HL,308,-67,-54
HL,306,-67,-56
HR,169,-54,55
HR,168,-53,55
HL,303,-66,-58
HL,301,-66,-60
HR,167,-52,54
HR,166,-52,54
HL,298,-65,-61
HL,297,-65,-62
HR,164,-51,53
HR,163,-51,53
HL,294,-64,-63
HL,293,-64,-63
HR,162,-52,53
HR,162,-52,52
HL,291,-64,-65
HL,290,-63,-65
HR,160,-52,50
HR,159,-52,50
HL,288,-63,-66
HL,286,-63,-66
HR,157,-52,50
HR,156,-52,50
HR,154,-52,50
HR,153,-52,50
HL,283,-62,-66
HL,282,-62,-67
HR,152,-52,51
HR,151,-52,50
HL,276,-61,-70
HL,275,-60,-71
HR,149,-51,49
HR,148,-51,48
HL,273,-60,-72
HL,272,-60,-73
HR,146,-50,46
HR,144,-50,46
HL,270,-60,-74
HL,269,-59,-75
HR,142,-49,45
HR,141,-49,44
HL,267,-59,-75
HL,267,-59,-76
HR,140,-48,43
HR,139,-48,43
HL,266,-59,-76
HL,266,-59,-76
HR,138,-48,42
HR,137,-48,41
HL,265,-58,-74
HL,265,-58,-73
HR,136,-49,41
HR,136,-50,41
HL,266,-58,-72
HL,266,-59,-71
HR,136,-51,42
HR,136,-52,42
HL,267,-60,-70
HL,268,-61,-69
HR,136,-54,43
HR,136,-55,43
HL,268,-62,-68
HL,269,-63,-65
HR,136,-57,43
HR,136,-58,42
HL,271,-65,-64
HL,272,-66,-65
HR,137,-58,40
HR,137,-58,40
HL,274,-67,-67
HL,274,-68,-68
HR,137,-57,41
HR,137,-57,41
HL,274,-68,-67
HL,274,-68,-65
HR,137,-57,43
HR,137,-56,43
HL,274,-67,-64
HL,275,-67,-63
HR,139,-56,45
HR,140,-56,46
HL,276,-67,-62
HL,278,-66,-60
HR,142,-56,47
HR,143,-56,48
HL,279,-66,-59
HL,279,-66,-57
HR,143,-56,50
HR,143,-56,51
HL,279,-65,-54
HL,279,-65,-53
HR,142,-56,53
HR,142,-56,54
HL,279,-64,-51
HL,279,-64,-49
HR,142,-56,54
HR,141,-56,54
HL,279,-64,-48
HL,278,-64,-48
HR,140,-56,53
HR,140,-56,51
HL,278,-65,-47
HL,277,-65,-48
HR,138,-55,49
HR,137,-55,48
HL,276,-66,-49
HL,276,-66,-48
HR,135,-56,47
HR,134,-57,46
HL,276,-67,-46
HL,275,-69,-44
HR,132,-59,45
HR,131,-60,44
HL,275,-69,-44
HL,276,-69,-40
HR,131,-63,43
HR,130,-64,42
HL,275,-69,-39
HR,129,-66,44
HR,128,-67,46
HL,275,-69,-39
HL,273,-68,-39
HR,128,-67,48
HR,128,-66,49
HL,271,-67,-43
HL,270,-67,-44
HR,128,-65,47
HR,128,-64,46
HL,269,-66,-47
HL,268,-66,-49
HR,126,-63,43
HR,125,-63,43
HL,266,-66,-51
HL,265,-65,-52
HR,124,-62,41
HR,123,-61,40
HL,264,-65,-54
HL,264,-65,-55
HR,123,-60,39
HR,123,-60,39
HL,264,-64,-55
HL,263,-63,-55
HR,123,-60,40
HR,123,-59,41
HL,263,-63,-55
HL,263,-62,-55
HR,122,-59,42
HR,122,-60,43
HL,263,-62,-53
HL,263,-62,-52
HR,122,-62,45
HR,122,-62,45
HL,263,-63,-51
HL,264,-63,-50
HR,122,-63,44
HR,123,-64,44
HL,267,-65,-49
HL,269,-66,-48
HR,125,-65,45
HR,126,-66,45
HL,272,-67,-46
HL,273,-68,-46
HR,126,-67,42
HR,127,-67,41
HL,274,-70,-44
HL,275,-70,-43
HR,127,-67,39
HR,128,-67,40
HL,276,-72,-43
HL,277,-73,-43
HR,129,-67,42
HR,130,-67,43
HL,279,-73,-43
HL,279,-73,-43
HR,131,-66,45
HR,132,-66,46
HL,279,-72,-42
HL,279,-71,-42
HR,133,-66,49
HR,134,-65,50
HL,280,-70,-40
HL,280,-70,-40
HR,135,-64,53
HR,135,-64,54
HL,280,-69,-39
HL,280,-68,-38
HR,135,-64,56
HR,135,-63,56
HL,279,-67,-37
HL,279,-67,-37
HR,134,-63,54
HR,134,-62,54
HL,278,-68,-37
HL,278,-68,-39
HR,133,-61,51
HR,133,-61,50
HL,277,-69,-41
HL,277,-69,-41
HR,131,-61,48
HR,130,-62,48
HL,276,-70,-40
HL,276,-70,-40
HR,129,-63,47
HR,128,-64,46
HL,275,-72,-40
HL,275,-72,-39
HR,127,-66,45
HR,126,-67,44
HR,126,-68,43
HR,126,-69,44
HL,275,-72,-37
HL,275,-72,-37
HR,126,-69,44
HR,126,-68,44
HL,273,-71,-43
HL,273,-70,-44
HR,126,-67,43
HR,126,-66,42
HL,271,-70,-47
HL,270,-69,-49
HR,125,-65,41
HR,125,-65,40
HL,269,-68,-51
HL,268,-68,-53
HR,124,-63,39
HR,124,-63,38
HL,267,-67,-55
HL,267,-67,-57
HR,124,-62,37
HR,124,-61,35
HL,267,-67,-59
HL,268,-67,-59
HR,124,-60,34
HR,124,-60,34
HL,268,-66,-59
HL,268,-66,-59
HR,125,-61,35
HR,125,-62,35
HL,269,-66,-58
HL,269,-66,-57
HR,125,-63,34
HR,125,-64,34
HL,271,-67,-57
HL,272,-68,-56
HR,126,-65,32
HR,126,-66,30
HL,274,-70,-52
HL,275,-71,-50
HR,126,-66,27
HR,127,-66,27
HL,278,-73,-46
HL,279,-74,-48
HR,127,-66,28
HR,127,-66,28
HL,278,-76,-54
HL,277,-76,-54
HR,126,-65,31
HR,126,-65,33
HL,276,-76,-52
HL,276,-75,-51
HR,128,-65,37
HR,129,-64,39
HL,276,-74,-51
HL,277,-74,-50
HR,131,-64,41
HR,132,-64,42
HL,278,-73,-49
HL,279,-72,-48
HR,132,-63,43
HR,132,-63,44
HL,279,-72,-46
HL,279,-72,-46
HR,132,-63,45
HR,132,-62,45
HL,279,-71,-44
HL,278,-71,-44
HR,131,-62,43
HR,131,-61,42
HL,278,-72,-46
HL,278,-72,-47
HR,131,-60,41
HR,131,-60,40
HL,279,-73,-48
HL,279,-73,-47
HR,130,-61,39
HR,130,-62,39
HL,279,-74,-45
HL,279,-75,-44
HR,128,-63,37
HR,127,-64,36
HL,279,-76,-43
HL,280,-76,-41
HR,127,-66,33
HR,127,-67,32
HL,280,-76,-37
HL,281,-76,-36
HR,126,-69,30
HR,126,-70,31
HL,280,-76,-36
HL,280,-76,-37
HR,126,-71,31
HR,126,-70,31
HL,279,-75,-39
HL,278,-75,-44
HR,126,-69,30
HR,126,-68,30
HL,277,-74,-49
HL,276,-74,-51
HR,126,-66,28
HR,125,-65,27
HL,274,-73,-54
HL,273,-72,-56
HR,124,-64,27
HR,124,-63,27
HL,272,-72,-57
HL,272,-71,-60
HR,124,-62,26
HR,124,-62,26
HL,272,-70,-61
HL,273,-70,-62
HR,125,-61,26
HR,125,-60,26
HL,273,-69,-62
HL,273,-69,-62
HR,125,-61,27
HR,125,-61,28
HL,272,-68,-62
HL,272,-68,-60
HR,125,-63,29
HR,124,-63,29
HL,272,-69,-59
HL,273,-70,-57
HR,124,-65,29
HR,125,-65,29
HL,274,-71,-55
HL,276,-72,-52
HR,125,-67,28
HR,125,-67,28
HL,277,-72,-50
HL,277,-74,-46
HR,124,-68,25
HR,123,-68,24
HL,277,-74,-44
HL,277,-75,-44
HR,124,-68,25
HR,124,-68,25
HL,278,-77,-45
HL,278,-78,-45
HR,123,-68,27
HR,123,-67,28
HL,277,-77,-45
HL,276,-77,-44
HR,123,-67,32
HR,123,-67,34
HL,275,-76,-43
HR,125,-66,36
HR,125,-66,37
HL,276,-75,-43
HL,277,-75,-43
HR,126,-65,39
HR,126,-65,39
HL,277,-74,-43
HL,276,-74,-43
HR,126,-64,41
HR,125,-63,41
HL,275,-74,-44
HL,275,-74,-45
HR,126,-62,40
HR,126,-62,40
HL,275,-73,-48
HL,275,-74,-49
HR,126,-61,38
HR,126,-61,38
HR,125,-61,36
HR,125,-62,36
HL,275,-74,-51
HL,275,-75,-51
HR,124,-63,33
HR,123,-64,32
HL,276,-77,-49
HL,276,-78,-47
HR,122,-66,30
HR,122,-68,29
HL,277,-77,-38HR,121,-70,29

HL,276,-78,-38
HL,274,-76,-42
HR,121,-71,29
HR,120,-69,30
HL,272,-75,-47
HL,271,-75,-49
HR,119,-68,30
HR,119,-67,30
HL,269,-73,-51
HL,268,-73,-52
HR,118,-66,30
HR,118,-66,29
HL,267,-72,-54
HL,267,-71,-56
HR,118,-65,30
HR,118,-64,30
HL,266,-70,-58
HL,266,-70,-59
HR,118,-63,30
HR,117,-62,30
HL,265,-69,-60
HL,264,-69,-60
HR,117,-63,31
HR,116,-64,33
HL,263,-68,-59
HL,262,-68,-58
HR,115,-65,33
HR,114,-65,33
HL,262,-68,-56
HL,263,-69,-55
HR,114,-66,32
HR,115,-67,31
HL,265,-71,-53
HL,266,-72,-52
HR,115,-68,28
HR,115,-68,26
HL,269,-73,-47
HL,270,-74,-44
HR,116,-69,23
HR,116,-69,23
HL,272,-76,-40
HL,273,-77,-40
HR,117,-69,23
HR,117,-69,23
HL,274,-78,-41
HL,274,-78,-42
HR,118,-68,25
HR,118,-68,26
HL,274,-77,-41
HL,274,-77,-41
HR,119,-68,28
HR,121,-68,32
HL,275,-76,-41
HL,276,-75,-40
HR,122,-68,36
HR,123,-67,38
HL,276,-74,-39
HL,277,-74,-39
HR,124,-67,41
HR,124,-67,42
HL,276,-73,-38
HL,276,-72,-37
HR,124,-66,45
HR,123,-66,45
HL,275,-72,-36
HL,275,-71,-36
HR,123,-65,45
HR,123,-65,44
HL,274,-72,-38
HL,273,-72,-39
HR,122,-64,44
HR,122,-64,42
HL,273,-72,-40
HL,273,-72,-40
HR,122,-64,41
HR,121,-65,40
HL,273,-73,-39
HL,274,-74,-38
HR,121,-65,39
HR,120,-66,39
HL,274,-75,-35
HL,274,-75,-33
HR,119,-69,35
HR,119,-70,34
HL,276,-76,-27
HL,276,-75,-23
HR,118,-71,33
HR,117,-74,32
HL,276,-75,-20
HL,276,-75,-19
HL,276,-74,-21
HL,276,-74,-22
HR,117,-75,33
HR,117,-75,33
HL,276,-73,-26
HL,275,-73,-27
HR,119,-73,32
HR,118,-73,32
HR,118,-72,31
HR,117,-70,30
HL,274,-73,-31
HL,273,-72,-32
HR,117,-70,29
HR,117,-69,29
HL,271,-71,-39
HL,271,-70,-40
HR,117,-69,30
HR,117,-68,31
HL,272,-70,-41
HL,272,-69,-41
HR,117,-68,31
HR,117,-68,31
HL,271,-69,-41
HL,271,-68,-40
HR,117,-68,32
HR,117,-69,33
HL,271,-69,-39
HL,272,-69,-37
HR,117,-70,33
HR,117,-71,31
HL,274,-70,-33
HL,275,-70,-31
HR,117,-72,30
HR,117,-72,29
HL,277,-72,-27
HL,278,-72,-24
HL,280,-74,-19
HL,281,-76,-17
HL,282,-78,-14
HL,281,-78,-13
HR,117,-73,24
HR,118,-74,19
HL,280,-79,-14
HL,279,-78,-15
HR,116,-73,20
HR,117,-73,23
HL,279,-78,-17
HL,280,-77,-18
HR,117,-73,25
HR,118,-72,27
HL,280,-77,-19
HL,280,-77,-19
HR,119,-72,30
HR,120,-72,31
HL,281,-77,-19
HL,280,-76,-20
HR,120,-71,33
HR,120,-71,34
HL,280,-76,-21
HL,279,-76,-22
HR,119,-71,35
HR,119,-70,35
HL,279,-76,-24
HL,278,-77,-25
HR,119,-69,34
HR,118,-68,33
HL,278,-77,-28
HL,278,-78,-33
HR,119,-67,32
HR,119,-66,32
HL,278,-78,-35
HL,278,-79,-35
HR,119,-66,30
HR,118,-66,28
HL,278,-80,-33
HL,278,-81,-32
HR,117,-67,26
HR,116,-67,22
HL,279,-81,-30
HL,279,-82,-28
HR,116,-68,20
HR,116,-69,18
HL,280,-82,-18
HL,281,-81,-8
HR,115,-70,15
HR,114,-72,12
HL,281,-81,-5
HL,280,-81,-5
HR,114,-73,11
HR,113,-73,11
HL,280,-80,-7
HL,279,-80,-10
HR,113,-74,11
HR,113,-73,12
HL,278,-80,-12
HL,277,-79,-17
HR,113,-72,12
HR,113,-72,13
HL,277,-79,-19
HL,276,-79,-22
HR,112,-71,15
HR,112,-70,15
HL,274,-78,-26
HL,273,-78,-30
HR,111,-70,16
HR,111,-69,16
HR,110,-69,18
HR,110,-68,18
HL,272,-78,-32HR,109,-68,18
HR,108,-68,17
HR,107,-67,17
HR,107,-67,17
HR,106,-68,17
HR,105,-68,17

HL,272,-77,-33
HL,269,-77,-35
HR,105,-69,16
HR,105,-69,15
HL,270,-78,-18
HL,270,-78,-15
HR,105,-71,11
HR,104,-71,9
HL,271,-79,-10
HL,272,-80,-6
HR,104,-71,5
HR,104,-71,3
HL,273,-81,3
HL,274,-81,8
HR,104,-70,1
HR,103,-70,1
HL,275,-82,17
HL,275,-82,19
HR,103,-70,0
HR,102,-70,1
HL,274,-82,18
HL,273,-82,16
HR,101,-70,2
HR,101,-70,2
HL,272,-81,13
HL,272,-81,12
HR,101,-70,5
HR,101,-70,6
HL,272,-80,9
HL,271,-80,8
HR,101,-70,8
HR,101,-70,9
HL,270,-80,4
HL,269,-80,2
HR,101,-71,11
HR,100,-71,12
HL,268,-81,0
HL,267,-81,0
HR,99,-71,13
HR,98,-71,13
HL,267,-82,0
HL,266,-82,0
HR,98,-71,12
HR,97,-70,12
HL,266,-83,0
HL,266,-83,0
HR,97,-70,11
HR,96,-69,11
HL,265,-84,0
HL,265,-84,0
HR,96,-69,10
HR,95,-69,9
HL,264,-85,-1
HL,264,-85,0
HR,94,-69,7
HR,94,-69,6
HL,263,-85,0
HL,263,-84,0
HR,92,-70,3
HR,91,-70,2
HL,262,-84,1
HL,262,-83,1
HR,90,-71,0
HR,89,-72,0
HL,260,-83,12
HL,259,-82,10
HR,87,-72,0
HR,86,-72,0
HL,257,-82,5
HL,256,-82,4
HR,85,-71,1
HR,84,-71,1
HL,253,-81,1
HL,251,-81,0
HR,81,-70,3
HR,79,-70,4
HL,246,-81,-3
HL,244,-81,-5
HR,76,-69,6
HR,74,-69,7
HL,240,-80,-10
HL,238,-80,-12
HR,71,-68,9
HR,70,-68,10
HL,233,-80,-17
HL,230,-80,-19
HR,66,-67,12
HR,64,-67,13
HL,225,-80,-22
HL,222,-80,-23
HR,60,-66,14
HR,57,-66,14
HL,217,-80,-25
HL,215,-80,-26
HR,53,-65,15
HR,51,-65,16
HL,210,-80,-28
HL,207,-80,-29
HR,47,-64,17
HR,45,-64,18
HL,202,-79,-32
HL,200,-79,-33
HR,41,-63,19
HR,39,-63,20
HL,195,-78,-35
HL,192,-78,-35
HR,35,-63,21
HR,33,-63,22
HL,187,-78,-37
HL,185,-78,-37
HR,29,-63,24
HR,28,-63,25
HL,181,-78,-37
HL,179,-78,-37
HR,25,-63,28
HR,23,-63,29
HL,175,-77,-37
HL,173,-77,-37
HR,21,-63,32
HR,20,-63,34
HL,170,-76,-38
HL,168,-76,-39
HR,18,-63,37
HR,17,-63,38
HR,14,-63,39
HR,12,-63,40
HL,165,-75,-39
HL,163,-74,-40
HR,9,-63,43
HR,8,-63,44
HL,153,-72,-41
HL,151,-71,-41
HR,5,-62,46
HR,3,-62,47
HL,148,-71,-42
HL,146,-70,-43
HR,1,-62,48
HR,359,-62,49
HL,142,-70,-43
HL,141,-70,-43
HL,138,-69,-43
HL,136,-69,-43
HR,356,-61,51
HR,355,-61,52
HL,134,-68,-43
HL,133,-68,-42
HR,349,-61,56
HR,349,-61,56
HL,130,-67,-42
HL,129,-67,-41
HR,347,-61,58
HR,346,-61,58
HL,128,-67,-40
HL,126,-67,-40
HR,344,-61,59
HR,343,-61,59
HL,124,-66,-40
HL,123,-66,-39
HR,341,-61,60
HR,340,-61,60
HL,122,-66,-39
HL,121,-66,-39
HR,338,-60,60
HR,337,-60,61
HL,120,-66,-39
HL,119,-66,-39
HR,336,-60,60
HR,335,-60,60
HL,117,-66,-40
HL,117,-66,-41
HR,334,-59,60
HR,333,-59,60
HL,115,-66,-41
HL,114,-66,-42
HR,332,-59,60
HR,331,-59,60
HL,112,-65,-42
HL,112,-65,-42
HR,330,-58,60
HR,329,-58,60
HL,110,-65,-43
HL,109,-65,-43
HR,328,-57,60
HR,327,-57,60
HL,107,-64,-44
HL,106,-64,-45
HR,326,-56,60
HR,325,-55,59
HL,105,-64,-46
HL,102,-64,-47
HR,324,-55,59
HR,323,-55,59
HL,100,-64,-48
HL,98,-64,-48
HR,321,-54,58
HR,320,-54,58
HL,97,-64,-49
HL,95,-63,-50
HR,319,-54,58
HR,318,-54,58
HL,95,-63,-51
HL,93,-63,-52
HR,318,-55,58
HR,318,-55,57
HL,92,-63,-53
HL,91,-62,-54
HR,317,-55,57
HR,316,-55,56
HL,90,-62,-55
HL,89,-62,-55
HR,314,-55,56
HR,314,-54,56
HL,87,-61,-57
HL,86,-61,-58
HR,313,-54,55
HR,312,-54,55
HL,84,-61,-59
HL,82,-60,-61
HR,311,-53,54
HR,311,-52,54
HL,81,-60,-62
HL,79,-60,-64
HR,309,-52,52
HR,308,-51,51
HR,306,-50,50
HR,305,-50,49
HL,78,-60,-65
HL,76,-59,-66
HR,303,-50,49
HR,302,-49,48
HL,73,-59,-68
HL,72,-59,-69
HR,300,-49,47
HR,300,-50,46
HL,72,-59,-69
HL,72,-59,-70
HR,299,-50,45
HR,298,-50,45
HL,72,-60,-70
HL,72,-60,-69
HR,297,-52,44
HR,297,-52,44
HL,72,-60,-67
HR,297,-54,45
HR,297,-55,46
HL,73,-60,-66
HL,73,-60,-64
HR,297,-56,47
HR,297,-57,47
HL,75,-61,-60
HL,76,-62,-59
HR,298,-58,46
HR,299,-59,45
HL,79,-64,-57
HL,80,-64,-56
HR,300,-59,45
HR,300,-59,45
HL,82,-66,-57
HL,83,-67,-57
HR,302,-59,46
HR,302,-58,46
HL,84,-68,-58
HL,84,-68,-58
HR,304,-58,47
HR,305,-58,48
HL,85,-68,-58
HL,86,-67,-57
HR,307,-58,50
HR,307,-58,51
HL,87,-67,-56
HL,88,-67,-55
HR,309,-58,53
HR,310,-58,54
HL,89,-66,-53
HL,89,-66,-51
HR,310,-57,57
HR,311,-57,58
HL,89,-64,-50
HL,88,-64,-49
HR,311,-56,60
HR,311,-56,60
HL,88,-63,-47
HL,88,-63,-47
HR,310,-56,60
HR,310,-56,60
HL,88,-63,-46
HL,88,-63,-46
HR,310,-55,58
HR,309,-55,58
HL,88,-64,-47
HL,88,-64,-48
HR,309,-55,56
HR,308,-55,55
HL,87,-64,-48
HL,87,-65,-48
HR,307,-55,55
HR,307,-56,54
HL,88,-66,-48
HL,88,-67,-47
HR,307,-58,54
HR,306,-59,53
HL,89,-68,-46
HL,89,-68,-45
HR,305,-61,51
HR,305,-62,49
HL,90,-69,-43
HL,90,-69,-43
HR,304,-64,49
HR,305,-64,50
HL,90,-69,-43HR,305,-65,49
HR,305,-65,49

HL,90,-69,-43
HR,305,-64,48
HR,304,-63,46
HL,88,-68,-48
HL,87,-68,-49
HR,303,-62,44
HR,302,-62,43
HL,85,-68,-51
HL,84,-68,-52
HR,300,-61,42
HR,300,-61,41
HL,83,-68,-55
HL,83,-67,-56
HR,299,-60,39
HR,299,-60,38
HL,83,-67,-58
HL,83,-67,-59
HR,299,-59,36
HR,299,-59,35
HL,84,-66,-59
HL,84,-66,-58
HR,299,-59,35
HR,299,-59,35
HL,83,-65,-57
HL,83,-65,-57
HR,299,-60,37
HR,299,-60,38
HL,83,-64,-55
HL,84,-64,-54
HR,299,-61,37
HR,300,-62,37
HL,85,-65,-53
HL,87,-66,-53
HR,301,-63,38
HR,302,-64,38
HL,88,-68,-51
HL,89,-69,-50
HR,302,-65,38
HR,302,-65,37
HL,90,-70,-46
HL,91,-71,-45
HR,302,-65,38
HR,303,-65,39
HL,92,-73,-45
HL,92,-74,-46
HR,304,-65,41
HR,305,-65,42
HL,93,-74,-46
HL,93,-73,-45
HR,306,-64,45
HR,307,-64,46
HL,93,-72,-45
HL,94,-71,-44
HR,308,-63,48
HR,309,-63,49
HL,94,-70,-44
HL,95,-70,-44
HR,311,-62,51
HR,311,-62,52
HL,95,-69,-43
HL,95,-69,-42
HR,311,-61,54
HR,311,-61,55
HL,95,-68,-40
HL,94,-68,-39
HR,310,-61,55
HR,310,-61,54
HR,309,-60,53
HR,309,-60,52
HL,94,-68,-38
HL,94,-68,-39
HR,308,-60,51
HR,308,-60,51
HL,92,-69,-40
HL,92,-69,-40
HR,307,-60,50
HR,306,-61,49
HL,92,-71,-39
HL,92,-71,-38
HR,305,-63,47
HR,304,-64,46
HL,93,-72,-35
HL,94,-73,-33
HR,304,-66,45
HR,303,-67,44
HL,95,-73,-29
HL,95,-73,-28
HR,303,-70,44
HR,303,-70,44
HL,94,-72,-29
HL,93,-72,-31
HR,303,-70,45
HR,303,-69,45
HL,92,-71,-34
HL,92,-71,-36
HR,303,-68,44
HR,302,-67,43
HL,89,-71,-39
HL,88,-70,-41
HR,300,-66,42
HR,299,-66,41
HL,86,-70,-43
HL,85,-69,-44
HR,298,-65,40
HR,297,-65,39
HL,83,-69,-46
HL,83,-68,-47
HR,297,-64,38
HR,298,-63,37
HL,83,-68,-49
HL,84,-67,-50
HR,298,-62,36
HR,298,-62,35
HL,83,-67,-51
HL,84,-66,-51
HR,299,-63,37
HR,299,-63,38
HL,84,-66,-49
HL,84,-66,-48
HR,299,-64,38HL,86,-67,-47

HR,299,-65,37
HR,301,-67,35
HL,87,-68,-46
HL,92,-70,-41
HR,301,-68,31
HR,301,-69,30
HR,302,-68,31
HR,302,-68,32
HL,94,-73,-35
HL,96,-76,-34
HR,302,-68,34
HR,303,-68,36
HL,96,-77,-34
HL,96,-76,-33
HR,304,-68,40
HR,304,-68,41
HL,96,-75,-32
HL,97,-74,-31
HR,306,-68,44
HR,306,-67,45
HL,97,-74,-31
HL,98,-74,-30
HR,307,-66,47
HR,307,-66,48
HL,97,-73,-31
HL,95,-72,-31
HR,307,-65,50
HR,306,-64,51
HL,95,-71,-30
HL,93,-71,-31
HR,306,-63,50
HR,305,-63,50
HL,93,-71,-32
HL,93,-71,-33
HR,305,-62,48
HR,305,-62,48
HL,93,-71,-34
HL,93,-72,-33
HR,304,-62,46
HR,304,-63,46
HL,93,-72,-33
HL,93,-73,-32
HR,302,-64,45
HR,301,-65,44
HL,92,-74,-30
HL,92,-75,-28
HR,300,-67,42
HR,300,-67,42
HL,93,-75,-27
HL,93,-75,-25
HR,299,-69,40
HR,299,-70,40
HL,92,-76,-26
HL,92,-75,-26
HR,298,-71,39
HR,298,-71,39
HL,91,-75,-29
HL,90,-75,-31
HR,299,-70,39
HR,299,-69,39
HL,90,-74,-35
HL,90,-74,-37
HR,299,-67,38
HR,299,-66,37
HL,89,-73,-41
HL,88,-72,-43
HR,299,-65,36
HR,300,-65,36
HL,87,-71,-46
HL,86,-71,-47
HR,300,-64,36
HR,300,-63,36
HL,86,-70,-50
HL,86,-70,-51
HR,300,-62,35
HR,300,-62,35
HL,87,-69,-52
HL,87,-69,-52
HR,300,-62,35
HR,300,-62,36
HL,86,-68,-51
HL,86,-68,-50
HR,300,-64,37
HR,299,-64,37
HL,86,-68,-49
HL,87,-69,-48
HR,299,-64,36
HR,300,-66,35
HR,301,-66,34
HR,301,-68,32
HL,89,-70,-46
HL,90,-71,-45
HR,301,-68,30
HR,302,-68,28
HL,95,-75,-35
HL,96,-76,-34
HR,303,-68,28
HR,303,-68,29
HL,96,-78,-37
HL,96,-79,-37
HR,302,-67,31
HR,302,-67,32
HL,95,-78,-37
HL,95,-77,-37
HR,302,-67,33
HR,303,-67,37
HL,95,-76,-36
HL,95,-76,-36
HR,304,-67,39
HR,305,-66,41
HL,96,-75,-35
HL,97,-75,-34
HR,306,-66,42
HR,307,-65,44
HL,97,-74,-34
HL,97,-74,-34
HR,306,-65,45
HR,306,-64,46
HL,96,-73,-33
HL,96,-73,-33
HR,306,-64,46
HR,306,-63,45
HL,95,-73,-35
HL,95,-73,-36
HR,306,-63,44
HR,306,-62,43
HL,96,-73,-38
HL,96,-74,-38
HR,306,-62,42
HR,305,-62,42
HL,96,-74,-37
HL,96,-75,-36
HR,305,-63,41
HR,304,-64,41
HL,96,-76,-33
HL,96,-76,-31
HR,303,-66,39
HR,302,-68,36
HL,97,-77,-27
HL,98,-77,-25
HR,302,-69,35
HR,303,-70,34
HL,98,-76,-21
HL,98,-76,-20
HR,302,-71,34
HR,301,-72,35
HL,96,-75,-22
HL,96,-75,-23
HR,301,-72,36
HR,302,-71,36
HL,96,-75,-26
HL,97,-74,-28
HR,303,-71,35
HR,304,-70,34
HL,97,-74,-30
HL,97,-74,-31
HR,303,-69,32
HR,302,-69,31
HL,95,-73,-34
HL,94,-73,-36
HR,302,-68,31
HR,301,-68,31
HL,94,-72,-40
HL,93,-72,-42
HR,302,-67,31
HR,302,-66,31
HL,94,-71,-44
HL,94,-71,-44
HR,302,-65,31
HR,302,-66,32
HL,93,-70,-43
HL,93,-69,-42
HR,302,-66,33
HR,301,-67,34
HL,92,-69,-41
HL,93,-69,-40
HR,301,-68,35
HR,302,-69,35
HL,94,-69,-37
HL,95,-70,-35
HR,302,-70,35
HR,303,-70,34
HL,97,-71,-32
HL,98,-72,-30
HR,303,-71,31
HR,303,-72,28
HL,100,-74,-24
HL,101,-75,-22
HR,303,-72,28
HR,303,-72,28
HL,101,-77,-20
HL,102,-78,-19
HR,303,-71,28
HR,303,-71,29
HL,101,-79,-20
HL,101,-78,-21
HR,303,-70,30
HR,304,-70,34
HL,101,-78,-23
HL,101,-77,-24
HR,305,-69,36
HR,306,-69,38
HL,101,-76,-26
HL,101,-76,-26
HR,307,-68,41
HR,308,-68,42
HL,102,-75,-27
HL,102,-74,-27
HR,309,-67,45
HR,309,-67,47
HL,101,-73,-27
HL,101,-73,-27
HR,309,-66,48
HR,309,-66,48
HL,100,-73,-27
HL,100,-73,-28
HR,309,-65,47
HR,309,-64,47
HL,99,-73,-32
HL,99,-73,-33
HR,309,-63,46
HR,309,-63,46
HR,309,-63,45
HR,308,-63,44
HL,99,-74,-34HR,307,-64,44
HR,306,-65,43

HL,98,-74,-34
HL,98,-77,-31
HR,305,-67,40
HR,305,-68,39
HL,99,-77,-24
HL,99,-77,-22
HR,304,-69,37
HR,304,-70,37
HL,99,-76,-21
HL,98,-76,-22
HR,303,-72,37
HR,303,-72,38
HL,97,-75,-26
HL,97,-75,-28
HR,303,-71,37
HR,303,-70,37
HL,96,-74,-30
HL,94,-74,-35
HR,303,-69,37
HR,303,-68,37
HL,92,-73,-38
HL,91,-73,-40
HR,302,-67,36
HR,301,-66,35
HL,90,-72,-43
HL,90,-72,-44
HR,300,-65,35
HR,300,-65,35
HL,90,-71,-46
HL,90,-71,-47
HR,300,-64,34
HR,300,-64,34
HL,90,-71,-47
HL,90,-70,-47
HR,300,-63,33
HR,300,-63,33
HL,90,-70,-48
HL,89,-69,-47
HR,300,-63,34
HR,300,-64,36
HL,88,-69,-47
HL,89,-69,-44
HR,300,-65,36
HR,299,-65,35
HL,90,-70,-43
HL,91,-71,-42
HR,299,-66,34
HR,300,-67,32
HL,93,-72,-39
HL,94,-74,-36
HR,300,-67,29
HR,300,-67,26
HL,95,-75,-34
HL,98,-78,-31
HR,300,-67,24
HR,300,-67,24
HL,99,-79,-30
HL,99,-80,-30
HR,301,-67,23
HR,300,-67,24
HL,98,-80,-31
HL,97,-79,-33
HR,300,-67,25
HR,301,-66,27
HL,97,-79,-34
HL,97,-78,-34
HR,302,-66,30
HR,303,-66,32
HL,98,-78,-33
HL,99,-77,-32
HR,304,-66,35
HR,305,-66,36
HL,99,-76,-32
HL,99,-76,-33
HR,306,-65,38
HR,306,-65,39
HL,98,-76,-34
HL,98,-76,-35
HR,306,-65,40
HR,305,-64,41
HL,97,-76,-35
HL,97,-76,-36
HR,305,-64,40
HR,304,-63,40
HL,96,-77,-39
HL,96,-77,-40
HR,304,-62,39
HR,304,-62,38
HL,96,-77,-44
HL,96,-78,-45
HR,304,-61,36
HR,304,-62,36
HL,96,-78,-45
HL,96,-79,-44HR,303,-62,34

HL,96,-80,-42
HL,97,-81,-31
HR,302,-63,33
HR,300,-68,27
HL,97,-80,-21
HL,97,-80,-20
HR,298,-71,25
HR,297,-72,25
HL,96,-80,-19
HL,96,-79,-19
HR,296,-72,26
HR,296,-72,25
HL,95,-79,-19
HL,95,-79,-19
HR,296,-72,24
HR,295,-72,24
HL,94,-78,-22
HL,93,-78,-24
HR,294,-71,23
HR,294,-71,23
HL,92,-78,-27
HL,91,-77,-28
HR,293,-71,23
HR,293,-71,23
HL,91,-77,-31
HL,90,-77,-32
HR,292,-70,23
HR,292,-70,24
HL,90,-76,-33
HL,89,-76,-33
HR,291,-69,25
HR,291,-69,26
HL,88,-76,-33
HL,88,-76,-32
HR,290,-70,27
HR,289,-70,27
HL,88,-76,-27
HL,88,-76,-24
HR,289,-70,26
HR,289,-71,25
HL,90,-76,-18
HL,91,-76,-14
HR,289,-72,24
HR,289,-73,22
HL,93,-76,-8
HL,94,-76,-5
HR,289,-74,17
HR,289,-73,13
HL,95,-77,3
HL,97,-78,8
HR,288,-74,6
HR,288,-74,4
HL,99,-78,19
HL,100,-78,23
HR,289,-74,5
HR,289,-74,4
HL,101,-77,28
HL,102,-77,27
HR,289,-74,2
HR,288,-74,2
HL,101,-78,26
HL,101,-78,26
HR,289,-75,5
HR,289,-75,6
HL,101,-78,26
HL,101,-78,25
HR,289,-74,8
HR,289,-74,9
HL,101,-79,25
HL,101,-79,25
HR,289,-75,11
HR,289,-75,11
HL,101,-79,25
HL,101,-79,25
HR,289,-74,12
HR,288,-74,12
HL,101,-79,26
HL,100,-80,27
HR,288,-74,13
HR,288,-73,13
HL,100,-80,27
HL,99,-81,27
HR,287,-72,13
HR,287,-72,13
HL,98,-82,25
HL,97,-83,25
HR,286,-71,13
HR,285,-70,13
HL,95,-84,2
HL,95,-84,2
HR,284,-70,13
HR,283,-69,12
HL,94,-85,2
HL,93,-85,2
HR,282,-69,11
HR,281,-69,10
HL,92,-85,3
HL,91,-85,3
HR,279,-70,8
HR,278,-70,6
HR,276,-71,4
HR,275,-72,3
HL,89,-84,3
HL,88,-83,3
HR,274,-73,2
HR,273,-73,2
HL,84,-81,29
HL,83,-81,29
HR,271,-73,2
HR,270,-73,1
HL,80,-81,27
HL,79,-81,26
HR,267,-72,2
HR,266,-72,2
HL,76,-82,23
HL,74,-82,21
HR,263,-71,3
HR,262,-70,4
HL,71,-82,17
HL,69,-82,15
HR,259,-70,6
HR,258,-69,7
HL,65,-83,10
HL,62,-83,0
HR,255,-68,8
HR,253,-68,9
HL,58,-83,0
HL,56,-83,0
HR,250,-67,10
HR,248,-67,10
HL,52,-83,0
HL,50,-84,0
HR,245,-66,10
HR,243,-66,10
HL,45,-84,-1
HL,42,-84,-1
HR,240,-66,11
HR,238,-66,11
HL,37,-84,-2
HL,35,-84,-2
HR,234,-65,12
HR,232,-65,13
HL,29,-84,-3
HL,27,-84,-3
HR,228,-65,14
HR,226,-65,15
HL,22,-83,-3
HL,19,-83,-4
HR,222,-65,18
HR,220,-65,19
HL,14,-82,-44
HL,12,-82,-47
HR,216,-65,22
HR,215,-64,23
HL,7,-82,-52
HL,5,-82,-54
HR,212,-64,27
HR,210,-63,29
HL,2,-81,-57
HL,0,-81,-57
HR,208,-63,31
HR,207,-64,32
HL,357,-80,-56
HL,355,-79,-56
HR,204,-64,34
HR,202,-64,35
HL,350,-78,-56
HL,348,-78,-55
HR,199,-63,37
HR,198,-63,38
HL,344,-77,-55
HL,342,-76,-55
HR,195,-63,41
HR,193,-63,42
HL,338,-76,-56
HL,336,-75,-56
HR,191,-63,44
HR,190,-63,45
HL,333,-74,-56
HL,332,-74,-56
HR,188,-62,47
HR,187,-62,48
HL,329,-73,-56
HL,328,-72,-55
HR,185,-62,50
HR,184,-62,51
HL,326,-72,-55
HL,323,-71,-55
HR,182,-62,52
HR,181,-62,53
HL,322,-71,-54
HL,320,-70,-54
HR,179,-62,54
HR,178,-62,55
HL,318,-70,-53
HL,316,-69,-52
HR,177,-62,56
HR,176,-61,57
HL,315,-69,-52
HL,314,-69,-51
HR,174,-61,58
HR,173,-61,59
HL,313,-69,-51
HL,311,-68,-51
HR,172,-61,60
HR,171,-61,60
HL,310,-68,-50
HL,308,-68,-50
HR,169,-61,61
HR,169,-61,61
HL,307,-68,-50
HL,306,-67,-50
HR,167,-61,62
HR,167,-61,62
HL,305,-67,-50
HL,304,-67,-50
HR,166,-61,62
HR,165,-61,62
HL,303,-67,-50
HL,301,-67,-50
HR,164,-60,63
HR,164,-60,63
HL,301,-66,-50
HL,300,-66,-51
HR,163,-60,64
HR,163,-60,64
HL,299,-66,-51
HL,298,-66,-51
HR,162,-60,64
HR,162,-59,64
HL,297,-66,-51
HL,296,-65,-51
HR,161,-59,64
HR,161,-58,64
HL,295,-65,-52
HL,295,-65,-53
HR,160,-58,64
HR,160,-57,63
HL,293,-65,-55
HL,293,-65,-56
HR,159,-56,62
HR,158,-56,61
HL,291,-65,-58
HL,290,-65,-58
HR,156,-56,60
HR,156,-55,59
HL,288,-64,-59
HL,287,-64,-60
HR,155,-55,58
HR,155,-55,58
HL,286,-64,-61
HL,285,-63,-62
HR,155,-56,58
HR,155,-56,57
HL,284,-63,-63
HL,283,-63,-64
HR,154,-56,57
HR,153,-56,56
HL,282,-62,-64
HL,281,-62,-64
HR,151,-56,55
HR,151,-56,55
HL,278,-61,-65
HL,277,-61,-65
HR,150,-56,54
HR,149,-55,54
HL,276,-60,-66
HL,275,-60,-67
HR,148,-55,53
HR,148,-54,51
HL,273,-60,-69
HL,272,-60,-70
HR,146,-54,49
HR,146,-53,48
HL,271,-59,-72
HL,270,-59,-73
HR,144,-52,46
HR,143,-52,46
HL,269,-59,-74
HL,268,-59,-75
HR,141,-51,45
HR,140,-51,44
HL,266,-58,-76
HL,265,-58,-76
HR,138,-50,43
HR,137,-50,43
HL,264,-59,-77
HL,264,-59,-78
HR,135,-51,41
HR,135,-51,40
HL,264,-60,-78
HL,264,-60,-78
HR,134,-51,39
HR,134,-52,39
HL,264,-60,-76
HL,265,-60,-75
HR,134,-53,40
HR,134,-54,41
HL,266,-61,-74
HL,266,-61,-73
HR,134,-55,41
HR,134,-56,41
HL,267,-62,-72
HL,267,-63,-71
HR,134,-58,40
HR,133,-58,40
HL,268,-65,-68
HL,268,-65,-67
HR,133,-59,40
HR,134,-59,40
HL,269,-67,-68
HL,270,-67,-69
HR,134,-59,41
HR,134,-59,41
HL,271,-68,-69
HL,271,-69,-69
HR,135,-59,42
HR,135,-59,43
HL,271,-68,-68
HL,271,-68,-67
HR,136,-58,44
HR,136,-58,45
HL,271,-68,-66
HL,272,-67,-65
HR,138,-58,47
HR,138,-58,48
HL,273,-67,-63
HL,273,-67,-62
HR,139,-58,50
HR,140,-58,51
HL,274,-66,-60
HL,273,-65,-58
HR,140,-57,54
HR,141,-57,55
HL,273,-64,-57
HL,273,-64,-56
HR,141,-57,57
HR,141,-57,57
HL,273,-63,-55
HL,273,-63,-54
HR,141,-57,58
HR,141,-57,58
HL,273,-63,-54
HL,273,-63,-54
HR,141,-56,57
HR,140,-56,56
HL,273,-64,-54
HL,273,-64,-54
HR,139,-55,54
HR,139,-55,53
HL,273,-65,-55
HL,273,-65,-55
HR,138,-55,52
HR,137,-56,52
HL,272,-66,-55
HL,272,-66,-55
HR,136,-57,52
HR,136,-58,51
HL,272,-67,-55
HL,273,-67,-54
HR,135,-60,49
HR,135,-61,48
HL,273,-68,-52
HR,133,-62,47
HR,132,-63,48
HL,272,-68,-51
HL,271,-67,-51
HR,131,-63,50
HR,131,-63,51
HL,268,-66,-52
HL,267,-66,-53
HR,131,-62,52
HR,131,-62,51
HL,265,-65,-55
HL,264,-64,-56
HR,129,-61,50
HR,128,-60,49
HL,261,-64,-58
HL,260,-63,-59
HR,126,-59,48
HR,125,-59,47
HL,258,-62,-62
HL,257,-62,-63
HR,125,-58,47
HR,125,-57,45
HL,257,-62,-65
HL,258,-61,-66
HR,125,-57,44
HR,126,-56,41
HL,259,-61,-68
HL,260,-61,-68
HR,127,-56,41
HR,127,-56,41
HL,260,-60,-67
HL,261,-60,-66
HR,127,-56,42
HR,127,-56,44
HL,260,-60,-65
HL,260,-60,-64
HR,127,-57,45
HR,126,-58,45
HL,261,-61,-64
HL,261,-61,-63
HR,125,-58,44
HR,125,-60,43
HL,262,-63,-61
HL,263,-63,-60
HR,125,-60,43
HR,125,-61,44
HL,264,-65,-58
HL,264,-65,-57
HR,125,-62,46
HR,126,-63,46
HL,266,-66,-55
HL,266,-67,-54
HR,126,-64,46
HR,126,-65,43
HL,269,-68,-52
HL,270,-70,-52
HR,127,-65,42
HR,129,-65,42
HL,273,-72,-53
HL,274,-72,-54
HR,130,-65,43
HR,131,-65,44
HL,275,-72,-53
HL,274,-72,-53
HR,131,-65,45
HR,132,-65,46
HL,275,-71,-52
HL,275,-70,-52
HR,133,-64,48
HR,136,-64,51
HL,277,-70,-51
HL,278,-70,-50
HR,136,-63,52
HR,138,-63,53
HL,278,-69,-50
HL,278,-69,-49
HR,138,-62,54
HR,137,-62,55
HL,278,-69,-48
HL,277,-68,-48
HR,136,-62,55
HR,135,-62,54
HL,277,-68,-48
HL,275,-68,-48
HR,134,-61,54
HR,134,-61,53
HL,275,-68,-49
HL,274,-68,-50
HR,134,-60,52
HR,133,-60,50
HL,274,-68,-51
HL,274,-69,-52
HR,133,-60,50
HR,133,-61,49
HL,274,-70,-51
HL,275,-71,-51
HR,131,-62,48
HR,130,-65,46
HL,275,-72,-47
HL,275,-72,-46
HR,129,-66,45
HR,128,-68,45
HL,274,-73,-47
HL,273,-72,-47
HR,128,-68,45
HR,128,-68,46
HL,273,-72,-48
HL,272,-71,-50
HR,128,-68,45
HR,128,-66,44
HL,271,-71,-51
HL,270,-70,-53
HR,128,-66,44
HR,127,-65,44
HL,269,-69,-55
HL,268,-69,-56
HR,127,-64,43
HR,127,-63,42
HL,267,-68,-58
HL,267,-67,-59
HR,127,-63,41
HR,126,-62,40
HL,267,-67,-60
HL,267,-67,-61
HR,126,-61,39
HR,126,-61,39
HL,267,-66,-63
HL,267,-66,-63
HR,127,-60,39
HR,127,-60,40
HL,267,-65,-62
HL,267,-65,-61
HR,127,-60,40
HR,126,-61,41
HL,267,-65,-60
HL,267,-65,-60
HR,126,-62,40
HR,126,-63,39
HL,269,-67,-58
HL,270,-67,-57
HR,126,-64,38
HR,127,-65,38
HL,272,-69,-54
HL,272,-70,-53
HR,127,-66,36
HR,127,-66,34
HL,274,-71,-51
HL,275,-73,-51
HR,128,-67,32
HR,128,-67,32
HL,277,-75,-53
HL,277,-76,-53
HR,128,-67,32
HR,128,-66,33
HR,127,-66,34
HR,127,-66,36
HL,276,-75,-53
HL,276,-75,-52
HR,128,-65,39
HR,129,-65,41
HL,275,-73,-49
HL,276,-73,-48
HR,130,-65,43
HR,130,-65,44
HL,277,-72,-46
HL,277,-71,-46
HR,131,-64,46
HR,131,-64,47
HL,276,-71,-45
HL,276,-70,-44
HR,131,-63,49
HR,130,-63,49
HL,275,-70,-44
HL,275,-70,-45
HR,130,-63,49
HR,130,-62,48
HL,275,-71,-47
HL,274,-71,-47
HR,130,-61,47
HR,130,-61,47
HL,274,-71,-47
HL,274,-71,-46
HR,129,-62,46
HR,129,-62,46
HL,274,-72,-45
HL,274,-73,-44
HR,127,-64,45
HR,126,-65,44
HL,274,-74,-42
HL,274,-74,-38
HR,125,-67,42
HR,124,-69,42
HL,274,-74,-35
HL,274,-74,-35
HR,123,-71,41
HR,122,-71,42
HL,273,-74,-34
HL,273,-73,-35
HR,123,-72,42
HR,123,-71,42
HL,272,-73,-38
HL,272,-72,-39
HR,123,-70,41
HR,123,-69,40
HL,271,-71,-43
HL,271,-71,-44
HR,123,-68,38
HR,123,-67,37
HL,271,-70,-47
HL,270,-70,-48
HR,123,-66,36
HR,123,-66,35
HL,270,-70,-50
HL,270,-70,-51
HR,122,-65,33
HR,122,-64,33
HL,270,-69,-53
HL,270,-69,-54
HR,122,-63,32
HR,122,-63,32
HL,270,-69,-54
HL,270,-68,-54
HR,123,-63,33
HR,123,-63,34
HL,269,-67,-53
HL,269,-67,-52
HR,122,-65,36
HR,122,-65,36
HL,270,-67,-51
HL,270,-68,-49
HR,122,-66,35
HR,123,-67,34
HL,273,-70,-47
HL,274,-70,-46
HR,123,-68,32
HR,124,-69,31
HL,277,-75,-40
HL,278,-77,-41
HR,123,-68,24
HR,124,-68,24
HL,279,-79,-45
HL,279,-79,-46
HR,124,-68,25
HR,123,-68,25
HL,278,-79,-45
HL,277,-78,-44
HR,123,-67,28
HR,124,-67,30
HL,277,-77,-42
HL,277,-76,-42HR,125,-67,33
HR,126,-67,35

HL,277,-75,-40
HL,278,-75,-39
HR,127,-67,37
HR,127,-66,39
HL,278,-74,-38
HL,277,-73,-37
HR,127,-66,42
HR,127,-66,43
HL,276,-73,-36
HL,276,-73,-36
HR,126,-66,44
HR,126,-65,44
HL,275,-73,-38
HL,275,-73,-39
HR,126,-65,43
HR,126,-64,43
HL,275,-74,-42
HL,275,-74,-43
HR,126,-63,42
HR,126,-63,41
HL,274,-74,-46
HL,274,-75,-47
HR,125,-63,41
HR,125,-64,40
HL,273,-75,-46
HL,273,-76,-46
HR,123,-65,39
HR,123,-66,38
HL,274,-77,-44
HL,274,-77,-42
HR,122,-68,36
HR,122,-68,34
HL,274,-77,-38
HL,274,-77,-37
HR,122,-70,32
HR,121,-71,32
HL,274,-77,-34HR,121,-72,32

HL,274,-77,-35
HL,272,-75,-42
HR,121,-72,32
HR,121,-69,33
HL,270,-73,-47HR,121,-67,33
HR,120,-67,33

HL,269,-73,-49
HL,267,-72,-53
HR,120,-65,33
HR,120,-64,33
HL,265,-70,-58
HL,265,-70,-59
HR,121,-63,33
HR,121,-63,33
HR,121,-62,34
HR,121,-62,34
HL,265,-69,-60
HL,265,-69,-60
HR,121,-62,35
HR,121,-62,35
HL,266,-68,-57
HL,267,-68,-56
HR,122,-64,36
HR,122,-64,36
HL,269,-70,-55
HL,270,-71,-54
HR,123,-66,34
HR,123,-66,34
HL,271,-72,-53
HL,273,-74,-51
HR,123,-67,31
HR,123,-67,29
HL,274,-75,-50
HL,275,-77,-51
HR,124,-67,27
HR,124,-67,27
HL,276,-77,-53
HL,277,-78,-55
HR,125,-66,28
HR,125,-66,28
HL,276,-78,-55
HL,276,-77,-54
HR,125,-66,30
HR,126,-66,31
HL,275,-76,-52
HL,275,-76,-51
HR,126,-65,34
HR,127,-65,36
HL,276,-75,-50
HL,276,-75,-48
HR,128,-65,39
HR,129,-65,40
HL,276,-74,-47
HL,276,-72,-46
HR,129,-64,43
HR,129,-64,45
HL,275,-72,-46
HL,274,-71,-45
HR,129,-63,47
HR,129,-63,47
HL,274,-71,-46
HL,273,-71,-47
HR,128,-62,47
HR,128,-62,47
HL,273,-71,-48
HL,273,-71,-49
HR,128,-61,46
HR,128,-61,45
HL,274,-72,-49
HL,274,-72,-49
HR,128,-62,44
HR,128,-62,44
HL,274,-73,-49
HL,274,-74,-48
HR,127,-63,42
HR,126,-64,42
HL,274,-74,-47
HL,274,-75,-46
HR,124,-66,40
HR,124,-67,39
HL,274,-75,-41
HL,275,-75,-39
HR,124,-69,38
HR,123,-70,37
HL,275,-75,-36
HL,275,-74,-35
HR,123,-71,36
HR,123,-71,36
HL,274,-74,-36
HL,274,-74,-37
HR,122,-71,36
HR,122,-71,36
HL,273,-73,-40
HL,272,-73,-42
HR,122,-69,37
HR,121,-68,36
HL,270,-73,-45
HL,269,-72,-47
HR,120,-67,35
HR,119,-67,35
HL,267,-72,-49
HL,266,-71,-50
HR,118,-66,35
HR,118,-65,34
HL,265,-70,-53
HL,265,-70,-54
HR,119,-64,35
HR,119,-63,35
HL,265,-69,-56
HL,265,-69,-57
HR,119,-63,34
HR,120,-63,34
HL,265,-68,-58
HL,265,-68,-58
HR,120,-63,35
HR,120,-63,36
HL,265,-67,-56
HL,265,-67,-55
HR,120,-64,38
HR,120,-65,38
HL,265,-67,-54
HL,266,-68,-53
HR,120,-65,37
HR,120,-66,36
HL,268,-70,-52
HL,269,-70,-51
HR,121,-67,35
HR,122,-68,33
HL,272,-72,-48
HL,273,-73,-47
HR,123,-68,29
HR,123,-69,29
HL,275,-75,-46
HL,276,-77,-47
HR,124,-69,28
HR,124,-68,27
HL,277,-78,-50
HL,276,-79,-51
HR,123,-68,29
HR,123,-68,30
HL,276,-78,-51
HL,276,-78,-50
HR,125,-67,33
HR,125,-67,34
HL,276,-77,-49
HL,276,-76,-49
HR,126,-67,38
HR,127,-67,39
HL,276,-76,-47HR,128,-66,42
HR,128,-66,43

HL,277,-75,-46
HL,276,-74,-45
HR,129,-65,46
HR,129,-65,47
HL,275,-73,-45
HL,275,-72,-45
HR,128,-64,48
HR,127,-64,48
HL,274,-72,-45
HL,273,-72,-46
HR,127,-63,47
HR,126,-62,47
HL,272,-73,-49
HL,272,-73,-50
HR,126,-62,45
HR,126,-62,45
HL,272,-73,-51
HL,272,-73,-51
HR,125,-62,43
HR,125,-63,43
HL,272,-74,-51
HL,272,-75,-51
HR,123,-64,41
HR,123,-65,39
HL,273,-76,-50
HL,273,-77,-48
HR,122,-66,37
HR,122,-67,36
HL,275,-77,-40
HL,275,-77,-37
HR,121,-70,34
HR,121,-71,33
HL,275,-77,-34
HL,275,-77,-34
HR,121,-72,33
HR,121,-72,33
HR,122,-71,33
HR,121,-71,33
HL,275,-77,-36
HL,275,-76,-37
HR,120,-70,32
HR,119,-70,32
HL,271,-75,-43
HL,270,-75,-44
HR,117,-69,31
HR,117,-69,31
HL,268,-74,-47
HL,268,-74,-48
HR,117,-68,32
HR,118,-68,32
HL,268,-73,-50
HL,268,-73,-50
HR,118,-67,32
HR,118,-67,32
HL,268,-72,-51
HL,268,-72,-52
HR,119,-66,33
HR,119,-66,33
HL,267,-71,-52
HL,267,-70,-52
HR,118,-66,34
HR,118,-67,34
HL,267,-70,-50
HL,267,-71,-48
HR,117,-67,33
HR,117,-68,33
HL,268,-72,-45
HL,269,-72,-43
HR,118,-68,31
HR,118,-69,30
HL,272,-74,-41
HL,272,-74,-40
HR,119,-70,29
HR,119,-70,27
HL,274,-76,-38
HL,274,-77,-37
HR,119,-70,23
HR,119,-70,22
HL,276,-79,-36
HL,277,-80,-34
HR,119,-70,20
HR,119,-70,20
HL,279,-82,-31
HL,279,-82,-29
HR,118,-70,19
HR,118,-70,18
HL,278,-82,-27
HL,278,-81,-26
HR,117,-70,19
HR,117,-70,20
HL,278,-81,-23
HL,278,-81,-22
HR,117,-70,21
HR,117,-70,23
HL,278,-81,-20
HL,277,-81,-20
HR,117,-70,25
HR,117,-70,26
HL,277,-80,-23
HL,276,-80,-24
HR,117,-69,28
HR,116,-69,29
HL,275,-81,-27HR,115,-68,29
HR,115,-67,28

HL,275,-81,-29
HR,115,-66,27
HR,115,-66,27
HL,274,-82,-41
HL,273,-83,-49
HR,115,-64,26
HR,115,-64,25
HL,273,-83,-5
HL,273,-84,-5
HR,114,-64,22
HR,113,-64,21
HL,273,-85,-4
HL,273,-86,-3
HR,112,-65,17
HR,111,-66,16
HL,275,-87,-2
HL,275,-87,-2
HR,110,-67,12
HR,109,-68,9
HL,274,-86,-1
HL,274,-86,-1
HR,107,-70,6
HR,107,-71,5
HL,274,-85,0
HL,274,-84,0
HR,106,-72,4
HR,106,-73,3
HL,273,-83,0
HL,273,-82,0
HR,105,-74,2
HR,104,-74,1
HL,272,-82,0
HL,270,-82,0
HR,101,-74,1
HR,100,-74,1
HL,269,-82,-2
HL,265,-81,-7
HR,97,-73,5
HR,96,-72,6
HL,261,-81,-12
HL,259,-81,-14
HR,93,-71,9
HR,92,-71,10
HR,90,-69,12
HR,89,-69,12
HL,257,-81,-17
HL,256,-81,-19
HR,86,-68,12
HR,84,-68,12
HL,247,-81,-27
HL,244,-81,-28HR,81,-67,13
HR,79,-67,13

HL,242,-81,-28
HR,76,-67,14
HR,74,-67,14
HL,237,-81,-28
HL,233,-81,-29
HR,71,-67,15
HR,69,-67,15
HL,231,-81,-30
HL,229,-81,-32
HR,66,-67,15
HR,64,-66,15
HL,225,-80,-36
HL,221,-81,-39
HR,60,-66,14
HR,57,-66,14
HL,218,-81,-40
HL,214,-82,-42
HR,54,-66,15
HR,52,-65,16
HL,212,-82,-42
HL,210,-82,-43
HR,49,-65,18
HR,48,-65,19
HL,206,-83,-44
HL,205,-83,-44
HR,46,-65,21
HR,45,-65,22HL,202,-82,-44
HL,201,-81,-44

HR,43,-65,24
HL,198,-80,-45
HL,196,-79,-45
HR,40,-65,26
HR,38,-64,29
HL,192,-78,-46
HL,189,-77,-47
HR,35,-64,32
HR,33,-64,34
HL,185,-76,-47
HL,183,-76,-47
HR,30,-63,37
HR,29,-63,38
HL,178,-75,-47
HL,176,-74,-47
HR,26,-63,41
HR,24,-63,42
HL,172,-73,-48
HL,169,-73,-48
HR,21,-63,45
HR,20,-63,46
HL,165,-72,-49
HL,163,-71,-49
HR,18,-62,48
HR,16,-62,50
HL,159,-70,-49
HL,158,-70,-50
HR,14,-62,51
HR,12,-62,52
HL,154,-69,-50
HL,152,-69,-50
HR,8,-62,54
HR,6,-62,55
HL,149,-68,-49
HL,148,-68,-49
HR,4,-62,56
HR,3,-62,57
HL,145,-68,-48
HL,143,-68,-48
HR,2,-62,57
HR,0,-61,58
HL,141,-68,-48
HL,140,-68,-48
HR,357,-61,59
HR,356,-61,59
HL,137,-67,-48
HL,136,-67,-48
HR,354,-61,60
HR,354,-60,60
HL,134,-67,-49
HL,133,-67,-49
HR,352,-60,61
HR,351,-60,61
HL,131,-66,-50
HL,130,-66,-50
HR,351,-59,61
HR,349,-59,62
HL,128,-66,-51
HL,127,-66,-51
HR,349,-59,62
HR,348,-58,63
HL,125,-65,-51
HL,125,-65,-52
HR,348,-57,63
HR,348,-57,63
HL,123,-64,-53
HL,122,-64,-54
HR,347,-56,63
HR,347,-55,63
HL,121,-64,-56
HL,120,-64,-57
HR,347,-55,62
HR,346,-54,61
HL,119,-64,-59
HL,118,-64,-60
HR,346,-54,61
HR,344,-53,60
HL,116,-64,-60
HL,115,-64,-60
HR,343,-53,59
HR,341,-53,58
HL,113,-64,-62
HL,112,-64,-63
HR,340,-53,56
HR,340,-53,55
HL,110,-64,-65
HL,109,-63,-66
HR,339,-53,54
HR,337,-53,53
HL,107,-63,-68
HL,105,-63,-68
HR,336,-53,52
HR,334,-53,52
HL,103,-62,-68
HL,101,-62,-68
HR,333,-53,52
HR,331,-53,52
HL,98,-62,-68
HR,330,-53,52
HR,328,-53,52
HL,97,-62,-68
HL,95,-61,-69
HR,327,-53,51
HR,324,-52,50
HL,91,-61,-70
HL,90,-60,-71
HR,323,-52,50
HR,320,-52,49
HL,87,-60,-71
HL,86,-60,-72
HR,319,-51,48
HR,316,-51,47
HL,83,-60,-73
HL,82,-60,-74
HR,315,-50,47
HR,313,-49,46
HL,80,-59,-76
HL,80,-59,-77
HR,312,-49,45
HR,311,-49,45
HL,79,-59,-77
HL,79,-59,-77
HR,310,-49,44
HR,309,-50,43
HL,78,-59,-77
HL,78,-59,-76
HR,308,-50,43
HR,308,-51,43
HL,78,-59,-74
HL,78,-59,-73
HR,308,-52,44
HR,308,-53,44
HL,79,-60,-71
HL,79,-60,-70
HR,307,-54,45
HR,306,-56,46
HL,78,-61,-68
HL,79,-62,-67
HR,305,-57,45
HR,305,-57,44
HL,80,-64,-65
HL,81,-65,-65
HR,305,-58,44
HR,305,-58,43
HL,82,-67,-66
HL,83,-67,-67
HR,306,-58,43
HR,306,-58,44
HL,83,-68,-68
HL,83,-69,-67
HR,306,-58,44
HR,305,-57,46
HL,82,-68,-65
HL,82,-68,-64
HR,305,-57,46
HR,307,-57,48
HL,83,-67,-63
HL,84,-67,-62
HR,307,-57,49
HR,308,-57,50
HL,85,-67,-59
HL,86,-66,-58
HR,310,-57,52
HR,311,-56,55
HL,86,-65,-55
HL,86,-65,-55
HR,311,-56,56
HR,311,-56,57
HL,85,-64,-53
HL,85,-63,-52
HR,311,-55,59
HR,310,-55,60
HL,84,-63,-50
HL,84,-63,-49
HR,309,-55,60
HR,309,-55,60
HL,83,-63,-48
HL,83,-63,-49
HR,309,-55,60
HR,308,-55,59
HL,82,-63,-51
HL,82,-63,-51
HR,307,-54,57
HR,307,-54,57
HL,83,-64,-51
HL,83,-64,-51
HR,307,-55,56
HR,306,-55,56
HL,83,-65,-51
HL,84,-66,-50
HR,306,-58,54
HR,304,-60,53
HL,84,-67,-48
HL,83,-67,-48
HR,304,-61,54
HR,303,-62,54
HL,83,-67,-47
HL,81,-66,-47
HR,303,-63,57
HR,302,-63,57
HL,81,-66,-48
HL,80,-66,-50
HR,302,-63,57
HR,302,-62,56
HL,79,-65,-51
HL,78,-65,-53
HR,301,-62,54
HR,300,-61,53
HL,77,-64,-54
HL,75,-64,-56
HR,299,-60,52
HR,298,-60,51
HL,74,-64,-57
HL,73,-63,-59
HR,297,-59,49
HR,297,-59,49
HL,73,-63,-60
HL,73,-63,-61
HR,296,-58,46
HR,296,-58,45
HL,74,-63,-62
HL,75,-63,-63
HR,296,-57,43
HR,296,-57,42
HL,75,-63,-63
HL,75,-63,-62
HR,296,-58,42
HR,296,-58,43
HL,76,-63,-61
HL,76,-63,-60
HR,297,-60,44
HR,297,-60,44
HL,77,-64,-59
HL,80,-65,-58
HR,297,-61,43
HR,298,-62,42
HL,81,-66,-57
HL,82,-67,-56
HR,299,-64,43
HR,300,-64,43
HR,300,-65,41
HR,300,-65,41
HL,85,-68,-53
HL,86,-70,-51
HR,300,-64,42
HR,301,-64,43
HL,88,-73,-52
HL,88,-73,-51
HR,301,-64,46
HR,302,-64,47
HL,88,-72,-49
HL,88,-72,-48
HR,303,-64,50
HR,304,-64,51
HL,88,-71,-47
HL,88,-70,-47
HR,305,-63,54
HR,306,-63,55
HL,89,-69,-45
HL,89,-69,-45
HR,306,-62,57
HR,306,-62,58
HL,89,-68,-43
HL,88,-68,-41
HR,305,-61,59
HR,304,-61,58
HL,87,-67,-41
HL,86,-68,-41
HR,303,-60,57
HR,303,-60,57
HL,86,-68,-43
HL,86,-68,-43
HR,303,-59,56HL,86,-69,-43
HL,86,-69,-43

HR,302,-59,56
HR,302,-60,55
HL,86,-70,-42
HL,87,-71,-41
HR,300,-63,53
HR,300,-64,52
HL,88,-72,-40
HL,88,-72,-38
HR,300,-66,50
HR,299,-67,49
HL,88,-72,-37
HL,88,-72,-36
HL,87,-72,-37
HL,86,-71,-38
HR,298,-68,49
HR,298,-69,49
HL,86,-71,-40
HR,298,-68,49
HR,298,-67,48
HL,85,-70,-42
HL,84,-70,-45
HR,297,-66,46
HR,297,-65,45
HL,82,-69,-49
HL,82,-69,-50
HR,296,-64,43
HR,296,-64,42
HL,81,-68,-53
HL,81,-68,-54
HR,295,-63,41
HR,295,-62,40
HL,81,-67,-56
HL,81,-67,-57
HR,295,-61,39
HR,296,-61,39
HL,82,-67,-56
HL,82,-67,-56
HR,296,-61,39
HR,296,-62,40
HL,82,-66,-53
HL,82,-66,-53
HL,83,-67,-51
HL,84,-68,-50
HR,296,-64,41
HR,296,-64,41
HL,86,-70,-47
HL,87,-71,-46
HR,297,-67,37
HR,298,-67,35
HL,90,-73,-43
HL,91,-74,-43
HR,299,-68,34
HR,299,-67,34
HL,91,-76,-46
HL,91,-77,-48
HR,299,-67,35
HR,299,-67,36
HL,90,-77,-48
HL,90,-77,-47
HR,299,-66,38
HR,299,-66,40
HL,89,-75,-47
HL,89,-75,-47
HR,301,-65,44
HR,301,-65,45
HL,90,-74,-45
HL,91,-73,-43
HR,303,-65,48
HR,304,-64,49
HL,92,-72,-42
HL,92,-71,-41
HR,305,-64,51
HR,305,-63,52
HL,92,-70,-40
HL,92,-70,-40
HR,305,-63,54
HR,305,-63,54
HL,91,-70,-40
HR,304,-62,53
HR,304,-61,52
HL,91,-70,-40
HL,91,-70,-42
HR,305,-61,51
HR,305,-61,50
HL,91,-71,-42
HL,92,-71,-41
HR,305,-62,50
HR,304,-62,51
HL,92,-72,-39
HL,92,-73,-38
HR,303,-64,50
HR,303,-65,49
HL,93,-74,-35
HL,94,-74,-33
HR,302,-68,47
HR,302,-69,46
HL,94,-73,-28
HL,94,-73,-27
HR,302,-71,46
HR,302,-71,46
HL,94,-73,-27
HL,93,-72,-28
HL,94,-72,-31
HL,94,-71,-33
HR,302,-72,48
HR,303,-72,49
HL,93,-71,-37
HL,92,-71,-38
HR,303,-68,42
HR,302,-68,41
HL,90,-70,-41
HL,89,-70,-42
HR,301,-67,40
HR,301,-66,40
HL,88,-69,-46
HL,88,-69,-47
HR,302,-65,40
HR,302,-64,40
HL,89,-68,-50
HL,89,-67,-51
HR,304,-64,40
HR,305,-63,40
HL,89,-67,-52
HL,89,-66,-52
HR,306,-63,41
HR,305,-63,42
HL,89,-66,-51
HL,89,-66,-50
HR,305,-64,43
HR,305,-65,43
HL,90,-67,-49
HL,91,-67,-47
HR,305,-66,42
HR,306,-66,42
HL,94,-69,-44
HL,96,-69,-43
HR,308,-67,41
HR,308,-68,40
HL,98,-71,-41
HL,99,-72,-39
HR,309,-69,37
HR,309,-69,36
HL,101,-74,-38
HL,102,-76,-38
HR,310,-69,35
HR,310,-68,35
HL,102,-77,-39
HL,102,-77,-39
HR,310,-68,36
HR,310,-68,37
HL,101,-76,-40
HL,101,-76,-40
HR,311,-67,40
HR,312,-67,41
HL,102,-75,-40
HL,102,-75,-40
HR,313,-66,44
HR,314,-66,45
HL,102,-75,-39
HL,102,-74,-39
HR,315,-65,47
HR,315,-65,49
HL,102,-73,-39
HL,101,-72,-38
HR,315,-64,51
HR,314,-64,51
HL,101,-72,-37
HL,100,-72,-37
HR,313,-63,50
HR,313,-63,49
HL,100,-72,-38
HL,100,-73,-41
HR,313,-62,48
HR,313,-61,47
HL,100,-73,-42
HL,100,-73,-41
HR,313,-61,46
HR,312,-62,45
HL,100,-74,-40
HL,99,-75,-38
HR,311,-63,45
HR,310,-64,45
HL,99,-75,-37
HL,98,-76,-36
HR,308,-65,43
HR,307,-66,43
HL,99,-76,-35
HL,99,-77,-33
HR,307,-68,41
HR,306,-69,40
HL,99,-76,-27
HL,98,-75,-27
HR,305,-70,40
HR,304,-71,42
HL,97,-75,-28
HL,94,-74,-31
HR,303,-72,44
HR,303,-71,44
HL,94,-73,-33
HL,93,-73,-35
HR,303,-70,43
HR,303,-69,43
HL,92,-72,-38
HL,91,-72,-39
HR,303,-69,43
HR,302,-68,42
HL,90,-71,-41
HL,89,-71,-42
HR,301,-67,42
HR,301,-67,41
HL,88,-70,-45
HL,87,-69,-47
HR,301,-66,41
HR,301,-65,40
HL,87,-68,-50
HL,87,-68,-50
HR,301,-64,40
HR,302,-64,40
HL,87,-67,-51
HL,87,-67,-51
HR,302,-64,40
HR,302,-64,41
HL,86,-67,-49
HL,86,-67,-48
HR,301,-66,43
HR,301,-66,44
HL,87,-67,-46
HL,88,-68,-45
HR,302,-67,44
HR,302,-68,44
HL,90,-69,-43
HL,92,-70,-41
HR,303,-69,42
HR,304,-70,40
HL,94,-72,-38
HL,96,-73,-37
HR,305,-70,37
HR,306,-70,36
HL,98,-75,-34
HL,99,-76,-34
HR,306,-70,35
HR,307,-70,35
HL,100,-77,-36
HL,100,-78,-36
HR,307,-69,37
HR,307,-69,38
HL,99,-77,-36
HL,99,-76,-36
HR,308,-69,40
HR,308,-69,42
HL,99,-76,-35
HL,99,-75,-35
HR,309,-69,45
HR,309,-68,46
HL,100,-75,-34
HL,100,-74,-34
HR,310,-68,48
HR,310,-67,49
HL,99,-73,-34
HL,99,-73,-34
HR,310,-66,51
HR,310,-66,52
HL,97,-72,-34
HL,97,-72,-34
HR,309,-65,52
HR,309,-65,52
HL,95,-72,-37
HL,95,-73,-38
HR,308,-64,50
HL,95,-73,-40
HL,95,-73,-40
HR,308,-63,49
HR,308,-63,48
HL,95,-74,-39
HL,96,-75,-38
HR,307,-65,45
HR,306,-66,44
HL,97,-77,-37
HL,97,-78,-36
HR,306,-68,42
HR,305,-69,41
HL,98,-78,-31
HL,99,-78,-29
HR,305,-70,38
HR,304,-71,37
HL,99,-78,-26
HL,99,-78,-25
HR,304,-73,36
HR,303,-73,35
HL,98,-77,-26
HL,98,-77,-27
HR,303,-73,35
HR,302,-73,35
HL,97,-76,-29
HL,96,-76,-30
HR,301,-72,33
HR,300,-71,32
HL,94,-77,-32
HL,94,-77,-33
HR,299,-71,29
HR,298,-70,28
HL,92,-76,-36
HL,92,-76,-37
HR,298,-70,27
HR,299,-70,27
HL,92,-76,-41
HL,92,-75,-43
HR,299,-69,27
HR,300,-69,27
HL,92,-75,-45
HL,91,-74,-46
HR,300,-68,27
HR,300,-67,28
HL,90,-73,-48
HL,90,-73,-48
HR,300,-67,31
HR,300,-68,32
HL,89,-72,-47
HL,89,-72,-45
HR,300,-68,32
HR,300,-68,31
HL,91,-72,-41
HL,92,-72,-40
HR,301,-69,30
HR,301,-70,30
HL,93,-74,-38
HL,94,-75,-37
HR,301,-70,28
HR,301,-70,26
HL,96,-77,-33
HL,97,-78,-31
HR,301,-70,23
HR,301,-70,23
HL,98,-80,-28
HL,98,-80,-28
HR,301,-69,24
HR,301,-69,25
HL,98,-81,-29
HL,98,-82,-29
HR,301,-69,26
HR,301,-69,27
HL,97,-81,-30
HL,97,-81,-30
HR,302,-69,30
HR,302,-69,32
HL,97,-80,-30
HL,97,-79,-30
HR,304,-69,35
HR,304,-69,37
HL,97,-78,-29
HL,97,-78,-29
HR,305,-68,41
HR,306,-68,43
HL,97,-76,-30
HL,96,-76,-31
HR,305,-67,46
HR,305,-66,47
HL,95,-75,-32
HL,95,-74,-33HR,304,-66,47

HL,94,-74,-35
HL,93,-75,-38
HR,304,-65,47
HR,304,-63,44
HL,93,-75,-40
HL,93,-76,-41
HR,303,-64,42
HR,303,-64,41
HL,93,-77,-41
HL,94,-78,-39
HR,302,-66,39
HR,302,-67,38
HL,95,-78,-35
HL,95,-79,-31
HR,301,-69,36
HR,300,-69,34
HL,96,-78,-25
HL,96,-78,-23
HR,300,-72,33
HR,299,-73,33
HL,95,-77,-22
HL,94,-77,-23
HR,298,-73,33
HR,299,-73,33
HL,95,-77,-24
HL,95,-77,-24
HR,300,-72,32
HR,300,-72,32
HL,96,-77,-26
HL,95,-77,-27
HR,300,-71,31
HR,299,-71,31
HL,93,-76,-32HR,298,-70,30
HR,298,-69,30

HL,92,-76,-34
HL,91,-75,-37
HR,298,-68,31
HR,298,-68,31
HL,90,-75,-40
HL,90,-75,-43
HR,297,-68,31
HR,297,-67,32
HL,90,-74,-43
HL,90,-74,-43
HR,297,-67,32
HR,296,-67,32
HL,89,-74,-43
HL,89,-73,-42
HR,296,-67,33
HR,296,-68,34
HL,88,-73,-41
HL,88,-72,-39
HR,295,-69,34
HR,295,-69,34
HL,88,-72,-37
HL,90,-73,-34
HR,295,-70,32
HR,295,-71,30
HL,91,-74,-32
HL,93,-75,-26
HR,295,-72,26
HR,295,-72,23
HL,95,-77,-20
HL,96,-77,-18
HR,296,-73,20
HR,296,-72,19
HL,96,-78,-15
HL,97,-79,-13
HR,296,-72,19
HR,296,-72,19
HL,98,-81,-8
HL,98,-81,-6
HR,296,-72,19
HR,296,-72,19
HL,98,-81,-6
HL,98,-80,-7
HR,295,-72,20
HR,295,-72,21
HL,98,-80,-7
HL,97,-80,-7
HR,295,-72,24
HR,296,-72,25
HL,97,-79,-7
HL,97,-78,-8
HR,296,-72,27
HR,296,-72,29
HL,97,-78,-9
HL,96,-78,-10
HR,296,-72,31
HR,295,-72,32
HL,95,-77,-11
HL,95,-77,-12
HR,295,-72,34
HR,294,-71,34
HL,94,-78,-13
HL,94,-78,-14
HR,294,-71,33
HR,293,-71,32
HL,94,-79,-14
HL,94,-80,-13
HR,293,-70,31
HR,292,-69,29
HL,94,-80,-13
HL,93,-81,-14
HR,292,-69,27
HR,291,-69,26
HL,93,-81,-13
HL,93,-81,-12
HR,289,-69,23
HR,288,-69,21
HL,93,-82,-4
HL,93,-83,0
HR,288,-70,19
HR,286,-71,14
HL,94,-83,15
HL,94,-82,20
HR,285,-71,11
HR,285,-72,7
HL,94,-82,25
HL,94,-81,24
HR,284,-73,6
HR,284,-74,5
HL,94,-80,24
HL,94,-80,23
HR,284,-75,4
HR,283,-75,5
HL,94,-79,22
HL,94,-79,22
HR,283,-75,5
HR,282,-74,4
HL,93,-78,20
HL,93,-78,19
HR,282,-73,5
HR,280,-72,6
HL,91,-78,16
HL,89,-78,14
HR,279,-72,6
HR,277,-71,7
HL,87,-79,12
HL,85,-79,10
HR,276,-71,8
HR,274,-71,9
HL,82,-79,8
HL,81,-79,7
HR,273,-71,9
HR,270,-70,9
HL,78,-80,4
HL,76,-80,4
HR,268,-70,10
HR,265,-69,10
HL,73,-80,3
HL,71,-80,2
HR,263,-69,10
HR,261,-69,10
HL,67,-81,1
HL,65,-81,1
HR,257,-68,10
HR,254,-68,11
HL,61,-81,-1
HL,59,-81,-2
HR,252,-68,11
HR,250,-67,12
HL,55,-82,-5
HL,53,-82,-7
HR,247,-67,12
HR,244,-66,12
HL,49,-82,-10
HL,47,-83,-1
HR,242,-66,12
HR,239,-66,13
HL,43,-84,-1
HL,41,-84,-1
HR,237,-66,14
HR,236,-65,14
HL,38,-85,-1
HL,37,-86,-1
HR,233,-66,16
HR,232,-66,17
HL,35,-86,-1
HL,34,-86,-1
HR,232,-66,18
HR,230,-66,19
HL,31,-86,-2
HL,29,-85,-2
HR,228,-66,19
HR,226,-65,21
HL,26,-85,-3
HL,25,-84,-3
HR,225,-65,22
HR,223,-65,24
HL,21,-84,-4
HL,19,-83,-4
HR,222,-65,25
HR,221,-64,26
HL,16,-82,-52
HL,14,-82,-53
HR,219,-64,28
HR,218,-64,29
HL,11,-81,-56
HL,10,-80,-57
HR,216,-64,31
HR,215,-64,32
HR,213,-63,35
HR,211,-63,37
HL,7,-79,-58
HL,5,-79,-59
HR,210,-63,38
HR,208,-63,41
HL,357,-77,-63
HL,355,-76,-63
HR,207,-63,42
HR,206,-62,43
HL,352,-76,-63
HL,350,-75,-63
HR,204,-62,45
HR,203,-62,46
HL,347,-75,-63
HL,346,-74,-64
HR,200,-62,47
HR,199,-62,48
HL,342,-74,-64
HL,341,-74,-64
HR,197,-62,49
HR,196,-62,50
HL,338,-73,-65
HL,337,-73,-65
HR,194,-61,51
HR,193,-61,51
HL,334,-72,-66
HL,333,-72,-66
HR,191,-61,52
HR,190,-61,52
HL,330,-72,-67
HL,329,-71,-67
HR,188,-61,53
HR,186,-60,54
HL,326,-71,-68
HL,325,-71,-69
HR,185,-60,54
HR,184,-60,54
HL,323,-70,-70
HL,321,-70,-71
HR,183,-59,55
HR,182,-59,55
HL,319,-70,-73
HL,317,-70,-73
HR,180,-58,55
HR,178,-58,55
HL,314,-69,-73
HL,313,-69,-73
HR,176,-58,55
HR,175,-58,55
HL,311,-69,-72
HL,309,-69,-73
HR,173,-57,54
HR,171,-57,53
HL,307,-68,-73
HL,306,-68,-74
HR,169,-57,52
HR,168,-57,51
HL,303,-67,-75
HL,302,-67,-76
HR,166,-57,50
HR,166,-57,50
HL,300,-66,-77
HL,298,-66,-77
HR,164,-57,48
HR,163,-57,48
HL,296,-66,-78
HL,295,-65,-78
HR,161,-57,48
HR,160,-57,48
HL,292,-65,-78
HL,290,-64,-77
HR,158,-57,49
HR,157,-57,49
HL,287,-63,-76
HL,286,-63,-76
HR,154,-57,50
HR,153,-57,50
HL,283,-62,-75
HL,281,-62,-74
HR,151,-56,50
HR,149,-56,51
HL,278,-61,-73
HL,277,-61,-73
HR,146,-57,51
HR,144,-56,51
HL,273,-61,-72
HL,272,-60,-71
HR,141,-56,50
HR,139,-56,50
HL,271,-60,-71
HL,268,-60,-71
HR,137,-56,50
HR,135,-56,50
HL,265,-59,-71
HL,264,-59,-71
HR,133,-55,50
HR,132,-55,49
HL,261,-59,-72
HL,260,-59,-73
HR,130,-54,49
HR,129,-54,49
HL,259,-59,-73
HL,257,-59,-74
HR,127,-53,48
HR,126,-53,47
HL,257,-59,-74
HL,255,-59,-75
HR,124,-53,46
HR,123,-53,46
HL,255,-60,-75
HL,254,-60,-75
HR,123,-53,46
HR,122,-53,46
HL,254,-60,-75
HL,253,-59,-75
HR,123,-55,47
HR,123,-55,47
HL,253,-59,-74
HL,254,-59,-74
HR,125,-56,47
HR,126,-55,47
HL,254,-59,-74
HL,255,-59,-74
HR,127,-55,47
HR,128,-55,47
HL,257,-60,-76
HL,258,-60,-76
HR,129,-55,47
HR,130,-55,47
HL,258,-61,-76
HL,259,-61,-76
HR,131,-54,48
HR,132,-54,48
HL,260,-61,-76
HL,260,-61,-75
HR,133,-54,49
HR,133,-54,50
HL,261,-61,-74
HL,261,-61,-73
HR,134,-54,52
HR,134,-54,53
HL,261,-61,-71
HL,262,-61,-69
HR,135,-54,56
HR,135,-54,57
HL,263,-60,-66
HL,263,-60,-64
HR,136,-53,59
HR,137,-53,61
HL,264,-59,-62
HL,264,-59,-61
HR,137,-53,63
HR,138,-53,64
HL,264,-58,-59
HL,264,-58,-58
HR,137,-53,65
HR,137,-53,65
HL,265,-58,-56
HL,265,-58,-56
HR,136,-54,64
HR,136,-54,63
HL,264,-59,-56
HL,264,-60,-57
HR,134,-53,60
HR,134,-54,60
HL,264,-61,-58
HL,264,-61,-58
HR,133,-55,60
HR,132,-56,60
HL,264,-62,-57
HL,264,-63,-57
HR,132,-58,59
HR,132,-58,58
HL,264,-63,-57
HL,265,-63,-56
HR,132,-60,58
HR,132,-61,60
HL,265,-63,-55
HL,265,-63,-55
HR,132,-61,62
HR,132,-61,63
HL,264,-62,-56
HL,263,-61,-56
HR,131,-60,62
HR,131,-59,62
HL,263,-61,-58
HL,262,-60,-59
HR,131,-58,60
HR,130,-58,60
HL,261,-60,-60
HL,260,-60,-61
HR,129,-58,59
HR,128,-58,58
HL,259,-59,-63
HL,259,-59,-64
HR,127,-57,56
HR,127,-57,54
HL,259,-59,-66
HL,260,-59,-67
HR,127,-56,52
HR,127,-56,51
HL,260,-59,-68
HL,260,-59,-69
HR,126,-56,50
HR,126,-56,49
HL,260,-59,-68
HL,260,-59,-67
HR,127,-57,50
HR,127,-57,50
HL,261,-59,-66
HL,262,-59,-66
HR,128,-59,51
HR,128,-59,51
HL,264,-61,-65
HL,265,-61,-65
HR,130,-60,50
HR,130,-61,49
HL,268,-63,-64
HL,269,-64,-63
HR,132,-62,47
HR,133,-62,47
HL,272,-66,-64
HL,272,-67,-65
HR,133,-62,47
HR,133,-62,47
HL,272,-69,-67
HL,272,-69,-66
HR,134,-62,49
HR,134,-62,50
HL,273,-69,-64
HL,273,-68,-63
HR,136,-61,52
HR,137,-61,53
HL,275,-68,-63
HL,275,-67,-62
HR,139,-61,56
HR,140,-61,56
HL,276,-67,-61
HL,277,-67,-60
HR,141,-60,58
HR,141,-60,59
HL,277,-66,-59
HL,277,-66,-58
HR,141,-59,60
HR,140,-59,61
HL,277,-66,-55
HL,276,-66,-55
HR,139,-59,59
HR,138,-59,58
HL,275,-66,-56
HL,275,-67,-57
HR,137,-58,56
HR,136,-58,56
HL,274,-67,-58
HL,274,-68,-58
HR,136,-58,55
HR,135,-58,54
HL,274,-69,-58
HL,275,-69,-57
HR,134,-60,53
HR,134,-60,53
HL,275,-70,-57
HL,275,-71,-57
HR,133,-62,52
HR,133,-63,51
HL,276,-71,-55
HL,277,-71,-53
HR,132,-64,48
HR,132,-65,48
HL,276,-71,-51
HL,276,-71,-51
HR,131,-67,51
HR,131,-67,51
HL,275,-70,-51
HL,275,-70,-52
HR,131,-67,50
HR,131,-67,49
HL,274,-69,-54
HL,273,-68,-55
HR,131,-65,48
HR,130,-65,47
HL,271,-67,-57
HL,270,-66,-58
HR,129,-64,47
HR,129,-63,46
HL,269,-66,-60
HL,268,-65,-61
HR,128,-63,45
HR,128,-62,44
HL,268,-65,-64
HL,268,-65,-66
HR,128,-61,42
HR,128,-60,41
HL,268,-65,-67
HL,269,-65,-67
HR,128,-60,40
HR,128,-60,40
HL,269,-64,-66
HL,269,-64,-65
HR,128,-61,41
HR,128,-62,42HL,269,-64,-64
HL,270,-65,-64

HR,129,-63,42
HL,272,-66,-63
HL,273,-67,-63
HR,130,-64,41
HR,131,-65,41
HL,276,-68,-61
HL,277,-69,-61
HR,131,-66,40
HR,131,-67,39
HL,278,-71,-59
HL,278,-72,-59
HR,132,-66,38
HR,132,-66,38
HL,279,-74,-63
HL,279,-74,-65
HR,132,-66,39
HR,132,-66,39
HL,279,-75,-66
HL,279,-75,-65
HR,132,-65,41
HR,133,-65,42
HL,279,-74,-63
HL,279,-73,-63
HR,134,-64,45
HR,134,-64,46
HL,279,-73,-61
HL,279,-73,-60
HR,135,-64,49
HR,136,-63,50
HL,280,-72,-58
HL,280,-71,-57
HR,136,-63,52
HR,136,-62,53
HL,279,-70,-53
HL,278,-70,-52
HR,135,-62,54
HR,135,-61,54
HL,277,-70,-51
HL,276,-70,-51
HR,134,-61,53
HR,134,-60,52
HL,276,-70,-54
HL,276,-71,-54
HR,133,-60,51
HR,133,-60,51
HL,276,-71,-54
HL,275,-71,-53
HR,132,-62,51
HR,131,-63,51
HL,275,-72,-52
HL,275,-73,-51
HR,129,-65,50
HR,128,-66,50
HL,275,-73,-50
HL,276,-74,-44
HR,127,-68,48
HR,127,-69,48
HL,276,-74,-43
HL,276,-73,-42
HR,126,-71,49
HR,126,-71,49
HL,275,-73,-43
HL,275,-72,-45
HR,127,-70,48
HR,127,-70,48
HL,275,-72,-46
HL,275,-71,-49
HR,128,-69,46
HR,128,-68,45
HL,274,-71,-51
HL,273,-70,-53
HR,127,-67,43
HR,127,-66,42
HL,273,-69,-54
HL,272,-69,-56
HR,127,-65,41
HR,127,-64,40
HL,272,-68,-58
HL,272,-68,-60
HR,127,-63,39
HR,127,-63,38
HL,273,-68,-62
HL,274,-68,-63
HR,128,-62,37
HR,128,-62,37
HL,274,-67,-63
HL,274,-67,-62
HR,128,-63,38
HR,128,-64,39
HL,273,-67,-60
HL,274,-68,-58
HR,127,-65,40
HR,127,-66,39
HL,275,-69,-58
HL,276,-69,-57
HR,128,-67,37
HR,128,-67,36
HL,280,-71,-55
HL,281,-72,-54
HR,129,-69,34
HR,129,-69,32
HL,282,-74,-52
HL,282,-75,-51
HR,128,-69,27
HR,127,-69,26
HL,282,-77,-51
HL,283,-78,-54
HR,128,-68,27
HR,128,-68,27
HL,284,-80,-56
HL,283,-80,-57
HR,127,-68,28
HR,127,-68,29
HL,282,-79,-54
HL,282,-78,-52
HR,127,-68,32
HR,127,-68,33
HL,282,-78,-49
HL,282,-77,-48
HR,128,-68,37
HR,129,-68,38
HL,283,-76,-46
HL,283,-76,-46
HR,130,-67,41
HR,131,-67,42
HL,283,-75,-45
HL,282,-75,-45
HR,130,-66,45
HR,130,-65,45
HL,282,-75,-47
HL,281,-75,-48
HR,130,-64,44
HR,130,-64,44
HL,281,-75,-51
HL,281,-75,-53
HR,130,-63,42
HR,130,-63,42
HL,281,-76,-56
HL,281,-76,-56
HR,130,-63,40
HR,130,-63,40
HL,281,-77,-55
HL,281,-77,-55
HR,128,-65,39
HR,127,-65,38
HL,281,-78,-54
HL,281,-78,-54
HR,126,-67,36
HR,126,-68,36
HL,281,-79,-48
HL,281,-79,-43
HR,125,-70,33
HR,124,-71,33
HL,281,-78,-39
HL,280,-78,-37
HR,123,-72,34
HR,122,-73,34
HL,279,-77,-37
HL,278,-77,-38
HL,277,-77,-40
HL,277,-76,-42
HR,122,-73,34
HR,122,-73,34
HL,275,-76,-44
HL,275,-75,-46
HR,121,-70,34
HR,120,-70,34
HL,273,-74,-49
HL,273,-74,-51
HR,120,-69,33
HR,120,-68,33
HL,272,-73,-54
HL,271,-73,-56
HR,121,-67,34
HR,121,-67,34
HL,271,-72,-58
HL,271,-71,-58
HR,121,-66,34
HR,121,-66,34
HL,271,-71,-58
HL,271,-70,-58
HR,121,-65,34
HR,121,-65,35
HL,270,-69,-56
HL,270,-69,-55
HR,121,-66,37
HR,121,-67,37
HL,271,-69,-53
HL,272,-70,-52
HR,121,-68,36
HR,122,-69,35
HL,274,-72,-51
HL,276,-73,-50
HR,123,-70,33
HR,123,-71,32
HL,278,-74,-47
HL,279,-75,-46
HR,123,-71,27
HR,124,-71,26
HL,280,-77,-44
HL,281,-78,-45
HR,124,-70,26
HR,125,-70,26
HL,283,-80,-48
HL,283,-81,-50
HR,125,-70,27
HR,125,-70,28
HL,282,-80,-51HR,126,-70,32
HR,126,-70,33

HL,282,-80,-50
HL,282,-79,-48
HR,127,-70,37
HR,128,-69,38
HL,282,-78,-46
HL,283,-78,-46
HR,129,-69,42
HR,130,-69,43
HL,283,-77,-46
HR,130,-68,46
HR,129,-68,46
HL,282,-76,-45
HL,281,-76,-46
HR,128,-67,46
HR,128,-67,45
HL,280,-75,-47
HL,280,-76,-48
HR,127,-66,43
HR,127,-65,43
HL,280,-76,-51
HL,280,-76,-52
HR,128,-65,41
HR,128,-65,40
HL,280,-77,-53
HL,281,-77,-52
HR,127,-66,38
HR,126,-66,37
HL,281,-78,-51
HL,282,-78,-49
HR,125,-68,35
HR,125,-69,34
HL,282,-79,-45
HL,283,-80,-41
HR,124,-71,31
HR,124,-72,30
HL,284,-80,-30
HL,285,-80,-27
HR,124,-74,28
HR,124,-75,27
HL,285,-79,-24
HL,285,-79,-24
HR,123,-76,27
HR,123,-76,27
HL,285,-78,-26
HL,284,-78,-27
HR,122,-76,27
HR,121,-74,27
HL,282,-78,-30
HL,281,-78,-32
HR,120,-73,26
HR,120,-73,26
HL,280,-79,-35
HL,279,-78,-37
HR,119,-72,25
HR,119,-71,25
HL,278,-78,-41
HL,278,-78,-43
HR,119,-70,25
HR,118,-70,26
HL,277,-77,-48
HL,276,-77,-50
HR,119,-69,26
HR,119,-69,27
HL,276,-76,-52
HL,276,-76,-52HR,119,-69,28
HR,119,-69,29

HL,275,-75,-52
HL,275,-75,-52
HR,119,-69,29
HR,118,-69,30
HL,275,-74,-51
HL,275,-74,-49
HR,119,-70,31
HR,119,-71,31
HL,276,-74,-46
HL,277,-75,-44
HR,119,-72,31
HR,119,-73,28
HL,279,-76,-39
HL,280,-77,-36
HR,119,-74,25
HR,119,-74,21
HL,282,-79,-31
HL,283,-80,-28
HR,119,-74,19
HR,119,-74,18
HL,284,-81,-25
HL,284,-82,-23
HR,119,-74,17
HR,119,-74,16
HL,284,-82,-22
HL,284,-82,-23
HR,119,-74,17
HR,119,-74,18
HL,284,-82,-24
HL,283,-82,-26
HR,119,-74,19
HR,119,-73,22
HL,283,-81,-27
HL,283,-81,-28
HR,120,-73,24
HR,121,-73,28
HL,283,-80,-29
HL,283,-79,-31
HR,121,-73,30
HR,122,-72,34
HL,282,-79,-33
HL,281,-78,-35
HR,122,-72,36
HR,122,-71,39
HL,281,-78,-37
HL,281,-77,-38
HR,123,-71,40
HR,123,-71,41
HR,123,-71,40
HR,123,-71,40
HL,281,-77,-39
HL,281,-78,-40
HR,123,-70,38
HR,123,-69,37
HL,281,-78,-41
HL,281,-78,-46
HR,122,-69,36
HR,122,-69,36
HL,281,-79,-47
HL,281,-79,-46
HR,122,-69,35
HR,121,-70,33
HL,281,-80,-44
HL,281,-81,-36
HR,120,-71,32
HR,118,-72,29
HL,282,-81,-31
HL,282,-81,-25
HR,117,-73,27
HR,117,-74,26
HL,282,-81,-23
HL,282,-80,-21
HR,116,-75,24
HR,116,-76,24
HL,281,-80,-19
HL,281,-79,-19
HR,115,-76,24
HR,115,-76,24
HL,280,-79,-18
HL,280,-79,-19
HR,115,-76,25
HR,115,-76,26
HL,280,-79,-20
HL,279,-78,-21
HR,114,-75,26
HR,114,-74,27
HL,278,-78,-25
HL,277,-78,-27
HR,114,-73,27
HR,113,-73,27
HL,276,-77,-31
HL,275,-77,-33
HR,113,-71,27
HR,113,-70,29
HL,274,-76,-37
HL,273,-76,-39
HR,113,-70,30
HR,113,-70,31
HL,273,-75,-41
HL,272,-75,-42
HR,113,-70,33
HR,113,-70,34
HR,112,-70,34
HR,112,-70,34
HL,271,-75,-43
HL,271,-75,-44
HR,111,-71,33
HR,111,-71,32
HL,270,-75,-42
HL,270,-75,-40
HR,110,-71,33
HR,110,-72,32
HL,271,-75,-37HR,110,-72,31
HR,110,-72,31

HL,271,-75,-36
HR,110,-73,27
HR,111,-73,26
HL,275,-77,-31
HL,276,-77,-30
HR,111,-73,24
HR,111,-73,23
HL,276,-79,-29
HL,276,-79,-29
HR,110,-72,22
HR,110,-72,21
HL,276,-80,-28
HL,276,-81,-27
HR,109,-72,21
HR,109,-72,21
HL,276,-81,-26
HL,276,-81,-26
HR,109,-72,21
HR,109,-72,21
HL,276,-81,-27
HL,276,-81,-27
HR,110,-72,22
HR,110,-72,23
HL,276,-81,-28
HL,276,-81,-28
HR,110,-72,24
HR,111,-72,25
HL,276,-80,-28
HL,276,-80,-27
HR,111,-72,27
HR,111,-73,28
HL,276,-80,-27
HL,276,-80,-27
HR,111,-72,29
HR,112,-72,30
HL,276,-80,-28
HL,276,-80,-29
HR,112,-72,31
HR,112,-72,31
HL,276,-80,-30
HL,276,-79,-31
HR,113,-72,32
HR,113,-72,33
HL,276,-79,-33
HL,276,-79,-34
HR,113,-71,33
HR,113,-71,33
HL,276,-79,-36
HL,276,-79,-37
HR,114,-71,34
HR,114,-71,34
HL,276,-79,-38
HL,276,-79,-39
HR,114,-70,34
HR,114,-70,34
HL,276,-80,-39
HL,276,-80,-39
HR,114,-70,33
HR,115,-70,33
HL,277,-80,-40
HL,277,-80,-40
HR,115,-70,33
HR,115,-70,33
HL,277,-80,-40
HL,277,-80,-41
HR,115,-69,33
HR,115,-69,33
HL,277,-80,-41
HL,277,-80,-41
HR,116,-69,34
HR,116,-69,34
HL,278,-80,-42HR,116,-69,34
HR,117,-69,34

HL,278,-80,-42
HL,278,-80,-43
HR,117,-69,34
HR,117,-69,34
HL,279,-81,-43
HL,279,-80,-42
HR,117,-69,34
HR,117,-70,34
HL,278,-80,-39
HL,278,-80,-38
HR,116,-70,34
HR,116,-70,35
HL,277,-79,-38
HL,276,-79,-38
HR,115,-70,35
HR,115,-70,35
HR,115,-71,35
HR,115,-71,35
HL,276,-79,-39
HL,276,-79,-39
HR,115,-72,36
HR,115,-72,35
HL,275,-78,-40
HL,275,-78,-41
HR,114,-72,34
HR,114,-72,34
HL,274,-78,-42
HL,273,-78,-43
HR,113,-72,33
HR,113,-72,32
HL,273,-78,-45
HL,272,-78,-45
HR,113,-72,32
HR,112,-72,31
HL,271,-78,-47
HL,271,-78,-47
HR,112,-71,31
HR,111,-71,30
HL,270,-78,-49
HL,269,-78,-49
HR,111,-71,30
HR,110,-71,29
HL,268,-77,-50
HL,268,-77,-50
HR,110,-70,29
HR,109,-70,29
HL,267,-77,-51
HL,267,-77,-51
HR,109,-70,28
HR,108,-70,28
HL,266,-77,-50
HL,266,-77,-50
HR,108,-69,28
HR,108,-69,29
HL,266,-77,-50
HL,266,-77,-50
HR,108,-69,29
HR,108,-69,29
HL,265,-76,-50
HL,265,-76,-49
HR,108,-69,29
HR,107,-69,29
HL,265,-76,-49
HL,265,-76,-48
HR,107,-69,29
HR,107,-69,29
HL,265,-76,-48
HL,265,-76,-47
HR,107,-69,30
HR,107,-69,30
HL,265,-76,-46
HL,265,-76,-46
HR,107,-69,30
HR,108,-69,30
HL,265,-76,-45HR,108,-69,30
HR,108,-69,31

HL,265,-76,-45
HL,265,-75,-44
HR,108,-69,31
HR,108,-70,31
HL,265,-75,-44
HL,265,-75,-43
HR,108,-70,31
HR,108,-70,31
HL,265,-75,-43
HL,265,-75,-43
HR,108,-70,32
HR,108,-70,31
HL,265,-74,-43
HL,265,-74,-43
HR,108,-70,32
HR,107,-70,33
HL,265,-74,-43
HL,264,-73,-43
HR,107,-70,34
HR,107,-69,34
HL,264,-73,-43
HL,263,-73,-43
HR,107,-69,35
HR,106,-69,36
HL,263,-73,-44
HL,262,-73,-44
HR,106,-69,37
HR,105,-69,38
HL,261,-72,-45
HL,260,-72,-46
HR,105,-69,39
HR,105,-69,39
HL,259,-72,-46
HL,259,-71,-47
HR,104,-69,41
HR,104,-68,41
HL,258,-71,-48
HL,257,-71,-50
HR,104,-68,41
HR,104,-68,41
HL,257,-71,-51
HL,257,-72,-53
HR,105,-68,41
HR,105,-68,41
HL,257,-72,-54
HL,257,-72,-55
HR,105,-68,41
HR,106,-68,41
HL,257,-72,-56
HL,257,-72,-57
HR,106,-68,42HL,257,-72,-57
HL,256,-72,-58

HR,106,-68,43
HR,106,-68,44
HL,256,-72,-58
HL,256,-72,-58
HR,106,-67,45
HR,106,-67,45
HL,256,-72,-58
HL,256,-72,-57
HR,106,-67,45
HR,106,-67,46
HL,256,-73,-56
HL,256,-73,-55
HR,106,-68,46
HR,106,-68,46
HL,256,-73,-53
HL,257,-73,-52
HR,106,-68,47
HR,106,-68,47
HL,257,-73,-50
HL,257,-73,-49
HR,106,-69,47
HR,107,-69,47
HL,258,-74,-48
HL,259,-74,-47
HR,107,-69,47
HR,107,-69,47
HL,259,-74,-46
HL,260,-74,-46
HR,107,-70,47
HR,107,-70,47
HL,260,-74,-44
HL,261,-74,-44
HR,107,-70,47
HR,108,-70,47
HL,261,-74,-43
HL,262,-74,-42
HR,108,-70,47
HR,108,-70,48HL,262,-75,-41
HL,262,-75,-41

HR,108,-70,48
HR,109,-70,48
HL,263,-75,-40
HL,263,-75,-40
HR,109,-70,48
HR,109,-70,48
HL,264,-75,-39
HL,264,-75,-38
HR,109,-71,49
HR,109,-71,49
HL,264,-75,-37
HL,264,-75,-36
HR,109,-71,49
HR,109,-71,49
HL,265,-75,-36
HL,265,-75,-35
HR,110,-71,49
HR,110,-71,49
HL,265,-75,-34
HL,265,-75,-34
HR,110,-71,49
HR,110,-71,49
HL,266,-75,-33
HL,266,-75,-32
HR,110,-72,49
HR,110,-72,49
HL,266,-76,-31
HL,267,-76,-30
HR,111,-72,49
HR,111,-72,49
HL,267,-76,-29
HL,267,-76,-29
HR,111,-72,48
HR,111,-72,48
HL,267,-76,-29
HL,267,-77,-29
HR,111,-72,48
HR,111,-72,48
HL,267,-77,-30
HL,267,-77,-30
HR,111,-72,48
HR,111,-72,48
HL,267,-77,-31
HL,267,-77,-31
HR,111,-72,47
HR,111,-72,46
HL,268,-78,-31
HL,268,-78,-31
HR,111,-72,45
HR,111,-72,45
HL,268,-78,-31
HL,268,-79,-31
HR,111,-73,44
HR,111,-73,43
HL,269,-79,-32
HL,269,-79,-32
HR,111,-73,43
HR,111,-73,43
HL,269,-79,-34
HL,269,-79,-35
HR,112,-72,43
HR,112,-72,43
HL,269,-79,-37
HL,269,-79,-37
HR,112,-72,44
HR,112,-72,44
HL,269,-79,-40
HL,269,-79,-40
HR,113,-72,45
HR,113,-72,46
HL,268,-78,-41
HL,268,-78,-41
HR,113,-71,47
HR,112,-71,47
HL,267,-78,-40
HL,267,-77,-39
HR,112,-71,48
HR,112,-71,48
HL,267,-77,-38
HL,266,-77,-37
HR,112,-71,47
HR,111,-71,47
HL,266,-77,-37
HL,266,-76,-37
HR,112,-71,46
HR,112,-71,46
HL,266,-76,-37
HL,266,-76,-37
HR,112,-71,46
HR,111,-72,45
HL,266,-76,-37
HL,265,-76,-37
HR,110,-72,45
HR,110,-72,44
HL,264,-76,-37
HL,264,-76,-37
HR,109,-72,42
HR,108,-72,42
HL,263,-76,-37
HL,263,-76,-38
HR,107,-72,40
HR,106,-72,39
HL,262,-76,-39
HL,261,-76,-40
HR,105,-72,38
HR,105,-71,38
HL,260,-76,-41
HL,259,-76,-42
HR,104,-71,37
HR,103,-71,37
HL,258,-76,-43
HL,257,-76,-44
HR,102,-70,36
HR,101,-70,36
HL,256,-76,-45
HL,255,-76,-45
HR,100,-69,36
HR,100,-69,36
HL,254,-75,-46
HL,254,-75,-46
HR,99,-69,36
HR,98,-69,36
HL,252,-75,-46
HL,252,-75,-46
HR,97,-68,36
HR,97,-68,36
HL,251,-75,-46
HL,250,-75,-46
HR,96,-68,36
HR,95,-68,36
HL,249,-75,-46
HL,249,-75,-45
HR,94,-68,35
HR,94,-68,35
HL,248,-75,-45
HL,247,-75,-45HR,92,-67,34
HR,92,-67,34

HL,246,-74,-45
HR,90,-67,34
HR,90,-67,34
HL,245,-74,-45
HL,244,-74,-44
HR,89,-67,34
HR,88,-67,34
HL,243,-73,-44
HL,243,-73,-43
HR,87,-67,34
HR,86,-67,34
HL,242,-73,-43
HL,241,-73,-43
HR,85,-67,34
HR,85,-67,35
HL,240,-73,-42
HL,240,-73,-42
HR,84,-68,35
HR,83,-68,35
HL,239,-73,-42
HL,238,-73,-42
HR,82,-68,36
HR,82,-67,36
HR,81,-67,36
HR,81,-67,36
HL,237,-73,-43
HL,237,-73,-44
HR,80,-67,37
HR,79,-67,37
HL,234,-73,-45
HL,233,-73,-46
HR,78,-67,38
HR,78,-67,38
HL,233,-73,-46
HL,231,-73,-45
HR,77,-67,39
HR,76,-67,39
HL,231,-73,-45
HL,230,-72,-45
HR,75,-67,40
HR,74,-67,40
HL,229,-72,-44
HL,228,-72,-44
HR,73,-67,41
HR,73,-67,41
HL,228,-72,-43
HL,227,-72,-43
HR,71,-67,42
HR,71,-68,42
HL,226,-72,-43
HL,225,-72,-42
HR,70,-68,43
HR,69,-68,43
HL,224,-71,-42
HL,223,-71,-42
HR,68,-68,44
HR,68,-68,44
HL,223,-71,-42
HL,222,-71,-42
HR,67,-68,44
HR,66,-68,45
HL,221,-71,-43
HL,220,-71,-43
HR,65,-68,45
HR,65,-68,45
HL,220,-71,-43
HL,219,-71,-43
HR,63,-68,46
HR,63,-69,46
HL,218,-71,-43
HL,217,-71,-43
HR,62,-69,47
HR,61,-69,47
HL,217,-71,-43
HL,216,-72,-43
HR,60,-69,47
HR,60,-69,47
HL,215,-72,-43
HL,215,-72,-43
HR,58,-69,48
HR,58,-69,48
HL,214,-72,-43
HL,213,-72,-43
HR,56,-69,48
HR,56,-69,48
HL,212,-72,-43
HL,211,-72,-43
HR,54,-69,48
HR,54,-69,49
HR,52,-70,49
HL,210,-71,-43
HL,209,-71,-43
HR,50,-70,49
HR,50,-70,49
HL,206,-71,-43
HL,206,-71,-43
HR,48,-70,49
HR,48,-70,50
HL,204,-70,-44
HL,204,-70,-44
HR,46,-69,50
HR,46,-69,50
HL,202,-70,-45
HL,202,-71,-46
HR,44,-69,50
HR,44,-69,50
HL,200,-71,-47
HL,200,-71,-47
HR,43,-69,50
HR,42,-69,50
HL,199,-71,-48
HL,198,-71,-48
HR,40,-69,50
HR,40,-69,50
HL,197,-71,-48
HL,196,-71,-49
HR,39,-69,49
HR,38,-69,49
