AR,219,-44,83

AR,216,-48,84

AL,16,60,-31

AL,16,59,-33

AR,209,-59,87

AR,205,-64,91

AL,14,59,-37

AL,14,59,-39

AR,194,-73,111

AR,188,-76,129

AR,176,-77,177

AR,170,-75,-164

AL,13,59,-43

AL,14,58,-44

AR,161,-71,-147

AR,161,-69,-145

AL,29,45,-53

AL,32,42,-55

AR,164,-69,-147

AR,165,-70,-149

AL,38,36,-58

AL,41,33,-60

AR,167,-72,-163

AR,170,-73,-179

AL,44,28,-62

AL,45,26,-64

AR,179,-74,156

AR,178,-74,145

AL,46,24,-66

AL,47,24,-66

AR,182,-70,133

AR,185,-69,129

AL,46,25,-67

AL,45,26,-67

AR,189,-66,122

AR,190,-65,120

AL,41,30,-67

AL,39,33,-66AR,193,-64,116



AL,32,41,-65

AL,19,54,-61

AR,194,-64,115

AR,200,-62,106

AL,4,67,-43

AL,1,70,-30

AR,204,-62,99

AR,205,-61,97

AL,354,73,5

AL,351,73,24

AR,206,-60,96

AR,206,-58,96

AL,346,69,51

AL,342,66,58

AR,208,-54,95

AR,210,-51,94

AL,337,63,63

AL,336,62,62

AR,217,-45,90

AR,220,-42,88

AL,337,63,59

AL,339,65,56

AR,225,-36,84

AR,228,-33,83

AL,345,68,47

AL,349,69,40

AR,233,-28,80

AR,236,-25,78

AL,358,69,21

AL,1,69,11

AR,239,-22,76

AR,239,-21,76

AL,9,68,-1

AL,12,67,-6

AR,239,-20,77

AR,238,-20,78

AL,15,64,-12

AL,16,63,-15

AR,234,-24,81

AR,231,-26,82

AL,18,62,-19

AL,19,61,-20

AR,224,-33,84

AR,221,-37,85

AL,19,60,-23

AL,18,60,-25

AR,214,-46,85

AR,210,-51,86

AL,18,60,-28

AL,17,59,-30

AR,202,-61,91

AR,197,-67,96

AL,17,59,-32

AL,15,59,-36

AR,186,-75,119

AR,180,-78,140

AL,14,59,-37

AL,15,58,-41

AR,167,-77,-172

AR,161,-75,-157

AL,18,56,-42

AL,24,51,-46

AR,155,-72,-144

AR,155,-71,-143

AL,29,45,-51

AL,32,42,-53

AR,157,-72,-146

AR,158,-73,-149

AL,35,39,-55

AL,40,33,-58

AR,160,-76,-162

AR,163,-75,176

AL,42,30,-59

AL,43,26,-63

AR,173,-77,143

AR,174,-74,138

AL,44,25,-64

AL,44,23,-65

AR,177,-70,130

AR,180,-68,125

AL,44,23,-66

AL,44,24,-66

AR,184,-66,118

AR,185,-65,117

AL,42,27,-65

AL,38,32,-64

AR,187,-64,113

AR,188,-64,112

AL,35,35,-63

AL,27,43,-62

AR,190,-63,109

AR,191,-62,108

AL,22,47,-60

AL,18,52,-58

AR,193,-61,105

AR,194,-61,103

AL,8,60,-50

AL,4,64,-42

AR,197,-60,99

AR,199,-60,97

AL,356,70,-17

AL,353,71,0

AR,200,-59,95

AR,203,-57,92

AL,348,70,32

AL,345,68,43

AR,206,-53,91

AR,208,-50,90

AL,340,65,55

AL,339,64,56

AR,211,-48,89

AR,214,-45,87

AL,339,64,53

AL,341,65,51

AR,219,-40,83AL,349,68,36

AL,353,69,26



AR,223,-34,81

AR,225,-32,80

AL,359,69,9

AL,3,68,2

AR,228,-25,81

AR,229,-23,82

AL,8,65,-8

AL,9,64,-12

AR,229,-22,82

AR,227,-23,83

AL,12,62,-18

AL,13,60,-19

AR,226,-24,83

AR,224,-26,83

AL,14,59,-22

AL,14,58,-24

AR,219,-31,84

AR,216,-34,84

AL,14,58,-26

AL,14,58,-27

AR,210,-42,85

AR,203,-50,87

AR,199,-55,89

AR,195,-60,91

AL,13,57,-30

AL,13,57,-32

AR,186,-69,100

AR,182,-73,109

AL,10,56,-43

AL,10,56,-45

AR,172,-79,144

AR,167,-79,168

AL,13,52,-47

AL,16,50,-48

AR,158,-75,-159

AR,153,-72,-148

AL,22,45,-51

AL,25,43,-52

AR,153,-71,-147

AR,154,-71,-148

AL,30,37,-56

AL,32,35,-57

AR,155,-72,-152

AR,0,0,0

AL,36,30,-60

AL,37,28,-62

AR,158,-74,-175

AR,163,-72,164

AL,38,25,-65

AL,39,24,-66

AR,168,-76,142

AR,171,-72,138

AL,40,24,-67

AL,40,24,-67

AR,174,-68,130

AR,176,-67,126

AL,38,26,-67

AL,37,28,-66AR,181,-65,120

AR,182,-64,119



AL,32,34,-65

AR,184,-63,115

AR,185,-63,114

AR,186,-62,111

AR,187,-62,110

AL,21,45,-64

AL,16,50,-62

AR,190,-61,107

AR,191,-61,105

AL,356,70,-31

AL,353,73,-15

AR,194,-60,101

AR,195,-60,99

AL,347,74,22

AL,345,73,40

AR,198,-58,96

AR,199,-57,95

AL,339,68,61

AL,336,66,66

AR,203,-52,93

AR,206,-49,91

AL,331,64,67

AL,330,64,66

AR,213,-44,84

AR,216,-41,81

AL,333,66,63

AL,336,67,59

AR,219,-36,80

AR,221,-33,80

AL,345,71,42

AL,349,73,32

AR,224,-28,82

AR,226,-25,82

AL,356,73,10

AL,359,71,0

AR,227,-22,84

AR,227,-21,84

AL,3,68,-12

AL,5,67,-16

AR,227,-20,83

AR,226,-21,82

AL,8,65,-22

AL,9,64,-24

AR,223,-23,82

AR,221,-25,82

AL,10,62,-28

AL,10,61,-29

AR,216,-31,83

AR,213,-34,83

AL,10,61,-32

AL,10,61,-33

AR,207,-42,85

AR,203,-46,87

AR,195,-54,91

AR,191,-58,94

AL,10,61,-35

AL,9,60,-37

AR,180,-67,105

AR,175,-71,114

AL,7,59,-47

AL,7,59,-50

AR,164,-77,146

AR,159,-77,168

AL,8,57,-54

AL,10,55,-55

AR,153,-75,-161

AR,151,-72,-153

AL,17,49,-56

AL,19,47,-58

AR,152,-70,-150

AR,154,-70,-152

AL,24,41,-61

AL,27,39,-63

AR,157,-71,-158

AR,158,-72,-163

AL,31,34,-66

AL,33,32,-68

AR,161,-71,173

AR,167,-72,163

AL,36,28,-70

AL,37,27,-70

AR,169,-72,146

AR,170,-70,142

AL,39,26,-71

AL,40,26,-71

AR,175,-67,134

AR,178,-67,129

AL,39,27,-71

AL,38,29,-70

AR,182,-65,124

AR,182,-64,123

AL,35,34,-70

AL,32,37,-70

AL,25,44,-68

AL,22,47,-67

AR,184,-63,120

AR,185,-62,118

AL,15,55,-62AR,189,-61,113

AR,190,-61,112



AL,11,59,-57

AL,5,67,-43

AR,192,-60,109

AR,193,-60,108

AL,354,74,-3

AL,351,75,14

AR,196,-60,104

AR,197,-59,102

AL,345,73,43

AL,342,71,52

AR,200,-57,99

AR,202,-56,98

AR,205,-52,96

AR,208,-50,94

AL,337,68,59

AL,335,67,59

AR,214,-45,89

AR,217,-43,87

AL,339,70,49

AL,345,73,38

AR,221,-39,82

AR,223,-37,81

AL,348,73,30

AR,225,-34,81

AR,226,-33,81

AL,355,73,12

AL,357,72,4

AR,226,-31,83

AR,225,-31,84

AL,5,69,-13

AL,9,67,-19

AR,223,-32,84

AR,222,-33,85

AL,10,65,-22

AL,13,63,-25

AR,218,-37,85

AR,216,-39,85

AL,14,62,-26

AL,15,61,-29

AR,212,-45,86

AR,209,-48,87

AL,16,61,-30

AL,17,60,-32

AR,202,-55,91

AR,198,-59,94

AL,18,59,-33

AL,18,59,-34

AR,189,-66,104

AR,184,-70,111

AL,18,59,-36

AL,18,58,-38

AR,175,-76,137

AR,171,-77,158

AL,18,58,-41

AL,18,57,-44

AR,164,-74,-166

AR,162,-72,-157

AL,18,57,-46

AL,19,56,-47

AR,162,-66,-149

AR,163,-64,-149

AL,21,53,-50

AL,23,51,-52

AR,170,-62,-153

AR,173,-62,-155

AL,27,47,-54

AL,29,45,-55

AR,177,-63,-158

AR,180,-64,-164

AL,33,41,-58

AL,34,39,-60

AR,180,-66,-168

AR,180,-68,-178

AL,36,36,-64

AL,37,34,-65

AL,38,32,-69

AL,39,32,-70

AR,183,-69,175

AR,185,-69,162

AL,41,31,-70

AL,42,31,-70

AR,192,-68,141

AR,195,-67,135

AL,40,33,-70

AL,40,34,-70

AR,195,-66,133

AR,195,-66,131

AL,39,38,-69

AL,38,41,-69

AR,195,-65,128

AR,195,-65,125

AL,35,47,-69

AL,33,50,-69

AR,195,-65,124

AR,195,-65,121

AL,30,57,-67

AL,29,61,-66

AR,195,-65,120

AR,196,-65,119

AL,27,69,-62

AL,27,72,-60

AR,197,-65,117

AR,198,-65,115

AL,28,79,-56

AL,30,82,-56

AR,199,-65,113

AR,200,-65,112

AL,35,87,-2

AL,38,88,-178

AR,202,-65,110

AR,203,-65,109

AL,46,85,-178

AL,51,84,-178

AR,205,-64,107

AR,206,-64,106

AL,61,81,-156

AL,66,81,-151

AR,208,-63,104

AR,210,-62,103

AL,74,79,-140

AL,77,79,-135

AR,213,-61,101

AR,216,-60,100

AL,82,78,-126

AL,84,77,-121

AR,221,-58,98

AR,224,-57,97

AL,86,77,-114

AL,86,76,-109

AR,231,-55,96

AR,234,-54,95

AL,87,76,-100

AL,86,76,-95

AR,241,-52,93

AR,245,-52,92

AL,85,76,-87

AL,85,75,-83

AR,252,-51,90

AR,255,-51,89

AL,85,75,-78

AL,86,74,-76

AL,88,73,-73

AL,89,72,-73

AR,261,-50,90

AR,263,-50,91

AL,90,72,-72

AL,91,72,-71

AL,91,72,-72

AL,92,72,-72

AR,274,-50,98

AR,277,-50,99

AL,92,72,-72

AL,93,72,-73

AR,291,-51,101

AR,293,-51,101

AL,93,73,-74

AL,93,73,-75

AR,298,-52,101

AR,300,-53,100

AL,93,74,-77

AL,93,74,-78

AR,305,-55,99

AR,307,-56,99

AL,93,75,-80

AL,93,75,-82

AR,311,-58,97

AR,313,-59,97

AL,92,76,-84

AL,92,76,-86

AR,317,-60,97

AR,318,-61,97

AL,92,76,-88

AL,93,76,-90

AR,322,-63,98

AR,323,-63,98

AL,93,76,-93

AR,326,-64,101

AR,326,-64,103

AR,325,-64,108

AR,326,-64,110

AL,93,76,-95

AL,93,75,-99

AL,94,71,-109

AL,96,70,-110

AR,330,-63,112

AR,332,-63,112

AL,95,68,-111

AL,97,67,-112

AR,331,-61,118

AR,329,-61,118

AL,102,64,-112

AL,106,62,-111

AR,329,-60,119

AR,329,-60,120

AL,118,58,-104

AL,124,56,-100

AR,328,-59,121

AR,329,-59,121

AL,133,52,-94

AL,137,51,-91

AR,330,-58,121

AR,331,-58,121

AL,143,48,-87

AL,145,48,-86

AR,330,-57,121

AR,330,-57,120

AL,145,47,-83

AL,147,48,-82

AR,331,-56,120

AR,330,-56,120

AL,149,49,-78

AL,151,50,-76

AR,331,-55,119

AR,332,-55,119

AL,152,53,-72

AL,153,55,-69AR,331,-54,118

AR,332,-54,118



AL,154,59,-65

AR,333,-54,117

AR,333,-53,117

AL,153,66,-57

AL,153,68,-53

AR,332,-53,117

AR,333,-53,116

AL,153,72,-42

AR,334,-52,115

AR,334,-52,115

AL,153,74,-36

AL,152,77,-25

AR,336,-51,113

AR,337,-51,112

AL,147,78,-10

AL,147,78,-8

AR,338,-50,111

AR,340,-49,110

AL,146,78,-10

AL,143,78,-13

AR,343,-47,107

AR,345,-45,106

AL,145,76,-22

AL,147,75,-27

AR,349,-42,104

AR,352,-39,103

AL,149,74,-32

AL,151,71,-37

AR,357,-34,100

AR,0,-32,99

AL,154,70,-38

AL,157,67,-43

AR,6,-27,96

AR,9,-26,95

AL,156,66,-45

AL,159,63,-47

AR,13,-23,92

AR,14,-22,91

AL,161,61,-49

AL,160,60,-49

AR,16,-22,90

AR,17,-22,90

AL,160,59,-50

AL,162,58,-50

AR,17,-24,90

AR,16,-26,91

AL,162,57,-51

AL,161,57,-51

AR,14,-31,93

AR,12,-34,94

AR,7,-40,97

AR,4,-44,99

AL,161,56,-52

AL,161,56,-53

AR,357,-52,104

AR,353,-56,108

AL,158,56,-57

AL,158,56,-58

AR,344,-63,119

AR,340,-66,126

AL,154,57,-62

AL,153,57,-66

AR,333,-70,145

AR,329,-71,155

AL,153,57,-68

AL,151,57,-69

AR,325,-70,170

AR,325,-70,173

AL,154,54,-69

AL,161,48,-68

AR,330,-69,173

AR,333,-68,171

AL,165,45,-68

AL,168,41,-68

AR,338,-68,163

AR,340,-68,158

AL,174,35,-69

AL,176,31,-70

AL,181,26,-72

AL,183,23,-73

AR,340,-67,153

AR,342,-65,144

AL,187,18,-75

AL,189,16,-75

AR,349,-60,128

AR,350,-59,126

AL,191,14,-76

AL,192,14,-76

AR,353,-57,122

AR,355,-57,120

AL,192,15,-76

AL,192,16,-75

AR,356,-56,119

AR,357,-55,118

AR,358,-55,116

AR,359,-54,114

AL,189,20,-74

AL,187,23,-73

AL,172,43,-71

AL,168,47,-70

AR,0,-54,112

AR,1,-53,110

AL,159,57,-65

AL,156,62,-60

AR,3,-53,105

AR,4,-53,102

AL,149,70,-43

AL,146,73,-31

AR,5,-53,101

AR,5,-53,100

AL,142,77,0

AL,139,77,15

AR,5,-50,101

AR,8,-45,100

AL,135,75,33

AL,134,75,36

AR,10,-42,99

AR,13,-39,97

AL,134,75,31

AL,135,75,26

AR,19,-34,93

AR,21,-31,92

AL,141,74,8

AL,146,73,-2

AR,27,-26,89

AR,31,-21,87

AL,151,70,-16

AL,154,68,-21

AR,33,-19,86

AR,34,-18,86

AL,161,64,-28

AL,162,63,-31

AR,35,-16,86

AR,35,-16,86

AL,165,59,-34

AL,166,58,-35

AR,34,-17,86

AR,32,-19,87

AL,166,56,-37

AL,167,56,-37

AR,28,-24,88

AR,26,-27,89

AL,166,55,-39

AL,166,55,-40

AR,20,-34,90

AR,17,-38,91

AL,166,54,-43

AL,166,54,-44

AR,11,-47,94

AR,7,-51,96

AL,165,54,-48

AL,165,54,-50

AR,359,-61,105

AR,355,-65,112

AL,163,54,-53

AL,163,54,-55

AR,347,-70,134

AR,341,-71,149

AL,166,51,-56

AL,169,49,-56

AR,331,-70,174

AR,328,-69,-177

AL,176,43,-57

AL,179,40,-58

AR,328,-68,-171

AR,329,-68,-172

AL,185,34,-60

AL,188,31,-61

AR,332,-68,-178

AR,334,-69,177

AL,192,25,-63

AL,194,23,-65

AR,337,-68,161

AR,339,-67,154

AL,195,19,-67

AL,196,18,-69

AR,345,-66,142

AR,345,-65,139

AL,197,17,-70

AL,197,17,-71

AR,349,-62,133

AR,351,-61,129

AL,196,19,-71

AL,195,20,-71

AR,355,-59,125

AR,356,-59,123

AL,191,25,-71

AL,189,28,-71

AR,358,-58,119

AR,359,-57,118

AR,1,-57,115

AR,2,-57,113

AL,182,36,-70

AL,178,40,-70

AR,5,-56,110

AR,6,-56,108

AL,158,64,-54

AL,154,68,-46

AR,9,-56,103

AR,10,-56,101

AL,148,74,-19

AL,146,76,-2

AR,10,-55,99

AR,10,-54,99

AL,140,75,31

AL,138,74,41

AR,11,-49,99

AR,13,-46,99

AL,135,72,48

AL,134,72,48

AR,19,-40,95

AR,22,-37,92

AL,138,73,39

AL,142,74,29

AR,27,-31,88

AR,30,-28,87

AL,151,73,4

AL,153,72,-4

AR,35,-23,84

AR,37,-21,84

AL,161,69,-18

AL,163,67,-22

AR,39,-18,84

AR,39,-18,84

AL,166,63,-27

AL,168,61,-29

AR,37,-19,86

AR,35,-20,87

AL,169,59,-32

AL,170,58,-33

AL,170,57,-35AR,31,-24,88

AR,28,-27,89



AL,170,57,-36

AL,169,56,-38

AR,11,-48,93

AR,7,-53,95

AL,168,56,-44

AL,167,55,-45

AR,358,-62,103

AR,352,-67,111

AL,165,55,-49

AL,165,55,-51

AR,342,-73,137

AR,336,-74,155

AL,166,53,-53

AL,170,51,-53

AR,325,-73,-174

AR,322,-71,-165

AL,175,46,-55

AL,178,43,-56

AR,321,-69,-159AL,184,37,-59

AL,186,34,-60



AR,323,-69,-160

AR,326,-70,-165

AL,191,28,-62

AL,193,25,-64

AR,330,-71,173

AR,332,-70,162

AL,194,23,-65

AL,196,19,-69

AR,339,-69,147

AR,339,-69,141

AL,197,17,-71

AL,198,17,-71

AR,343,-65,135

AR,345,-64,131

AL,197,17,-72

AL,196,18,-71

AR,349,-62,126

AR,351,-61,124

AL,195,20,-71

AL,192,25,-69

AR,353,-60,121

AR,353,-60,120

AL,189,28,-68

AL,183,35,-66

AR,355,-60,118

AR,356,-59,116

AL,179,40,-65

AL,171,49,-62

AR,358,-59,113

AR,0,-59,111

AL,166,53,-59

AL,158,63,-49

AR,3,-58,107

AR,4,-58,105

AL,154,67,-41

AL,151,70,-30

AR,6,-58,102

AR,7,-56,102

AL,145,74,0

AL,139,74,30

AR,9,-52,100

AR,11,-49,99AL,136,73,40

AL,132,71,49



AR,17,-43,95

AR,20,-40,93

AL,131,70,48

AL,131,71,46

AR,25,-34,90

AR,28,-31,89

AL,135,72,38

AL,139,73,29

AR,33,-26,86

AR,36,-24,85

AL,148,72,5

AL,150,71,-3

AR,39,-20,83

AR,40,-18,83

AL,159,68,-15

AL,162,66,-20

AR,40,-17,84

AR,39,-17,84

AL,165,62,-26

AL,167,61,-28

AR,36,-19,86

AR,34,-21,86

AL,169,58,-31

AL,170,57,-32

AR,29,-27,88

AR,26,-30,89

AL,171,56,-34

AL,171,56,-35

AR,22,-34,89

AR,16,-43,91

AL,171,55,-37

AL,171,54,-39

AR,12,-47,92

AR,4,-57,97

AL,170,54,-42

AL,170,53,-44

AR,354,-66,110

AR,348,-70,121

AL,169,53,-47

AL,169,53,-49

AR,343,-73,135

AR,337,-74,152

AL,169,52,-52

AL,172,50,-52

AR,326,-73,-176

AL,179,45,-52

AL,182,42,-53

AR,322,-70,-162

AR,323,-69,-160

AL,187,36,-56

AL,189,34,-57

AR,328,-70,-168

AR,331,-71,177

AL,193,29,-61

AL,194,26,-62

AR,334,-69,165

AR,342,-71,146

AL,196,23,-65

AL,197,21,-67

AR,341,-69,141

AR,342,-68,138

AL,199,19,-68

AL,199,19,-68

AR,347,-64,131

AR,350,-64,127

AL,198,20,-68

AL,198,21,-68

AR,353,-62,123

AR,354,-61,122

AL,194,25,-67

AL,192,28,-67

AR,356,-60,119

AR,357,-60,117

AL,186,35,-66

AL,182,39,-66

AR,358,-59,115

AR,359,-59,114

AL,173,47,-65

AL,169,51,-63

AR,1,-59,110

AR,3,-59,109

AL,161,60,-56

AL,157,64,-49

AR,5,-58,104

AR,7,-58,102

AL,150,72,-30

AL,148,74,-15

AR,9,-58,98

AR,9,-57,97

AL,144,76,19

AL,142,75,34

AR,11,-53,97

AR,13,-50,95

AL,137,73,52

AL,135,72,54

AR,19,-44,90

AR,22,-41,88

AL,134,71,52

AL,134,72,49

AR,27,-34,85

AR,29,-31,84

AR,34,-25,83

AR,36,-22,83

AL,138,74,38

AL,142,74,27

AR,40,-17,82

AR,42,-15,81

AL,160,69,-18

AL,163,67,-23

AL,166,63,-28

AL,167,61,-30

AR,43,-12,82

AR,43,-12,82

AL,169,59,-32

AL,170,58,-33

AR,35,-18,85

AR,33,-22,86

AR,26,-29,87

AR,23,-33,88

AL,171,57,-35

AL,171,56,-36

AR,16,-42,89

AR,13,-47,91

AL,169,55,-42

AL,168,55,-44

AR,4,-57,96

AR,0,-61,102

AL,166,55,-47

AL,165,56,-49

AR,349,-69,121

AR,344,-72,134

AL,164,55,-51

AL,166,54,-52

AR,333,-73,168

AR,327,-72,-177

AL,172,49,-53

AL,175,46,-55

AR,321,-69,-163

AR,322,-68,-161

AL,181,39,-57

AL,184,36,-58

AR,326,-67,-163

AR,328,-68,-166

AL,190,29,-61

AL,192,26,-62

AR,330,-69,-175

AR,331,-69,174

AL,196,20,-65

AL,197,18,-67

AR,338,-68,157

AR,341,-69,148

AL,200,14,-70

AL,201,13,-71

AR,341,-66,140

AR,344,-64,137

AL,202,12,-72

AL,202,12,-72

AR,349,-62,130

AR,350,-61,128

AL,201,14,-71

AL,200,16,-70

AR,353,-60,125

AR,354,-60,123

AL,196,22,-68

AL,193,25,-68

AR,355,-59,120

AR,356,-59,119

AL,186,34,-68

AL,182,38,-67

AR,359,-58,116

AR,0,-58,114

AL,173,48,-66

AL,168,53,-63

AR,3,-58,110

AR,5,-58,108

AL,158,63,-54

AL,154,68,-46

AR,7,-58,104

AR,8,-57,103

AL,148,74,-20

AL,145,75,-2

AR,9,-53,102

AR,12,-50,100

AL,139,75,30

AL,136,73,41

AR,19,-44,94

AR,23,-41,91

AL,133,71,50

AL,133,71,50

AR,28,-34,87

AR,31,-31,86

AL,135,72,46

AL,137,73,41

AR,36,-25,84

AR,39,-22,84

AL,146,74,18

AL,150,74,5

AR,43,-16,82

AR,45,-14,82

AL,156,71,-12

AL,160,69,-18

AR,46,-11,82

AR,46,-10,83

AL,165,65,-26

AL,167,64,-28

AR,45,-11,84

AR,43,-12,84

AL,169,61,-32

AL,170,60,-33

AR,39,-17,85

AR,36,-20,86

AL,170,59,-34

AL,171,58,-36

AR,30,-27,87

AR,26,-31,88

AL,171,58,-37

AL,170,57,-38

AR,19,-40,88

AR,16,-45,89

AL,170,57,-41

AL,169,57,-44

AR,9,-55,92

AR,4,-60,96

AL,168,57,-45

AL,167,57,-48

AR,353,-69,111

AR,347,-72,124

AL,166,57,-50

AL,168,54,-52

AR,334,-76,160

AR,328,-75,178

AL,171,52,-53

AL,174,49,-54

AR,321,-73,-160

AR,321,-72,-156

AL,179,43,-58

AL,185,37,-61

AR,324,-71,-158

AR,326,-72,-161

AL,188,34,-61

AL,193,27,-63

AR,330,-73,-174

AR,332,-73,172

AL,195,24,-64

AL,197,22,-65

AR,337,-72,153

AR,340,-71,145

AL,200,18,-67

AL,202,15,-68

AR,341,-69,134

AR,343,-67,131

AL,203,14,-68

AL,203,14,-68

AR,347,-65,125

AR,349,-64,122

AL,202,15,-68

AL,201,17,-67

AR,352,-62,119

AR,352,-62,117

AL,197,21,-65

AL,195,24,-65

AR,354,-61,115

AR,355,-61,114

AL,188,32,-64

AL,184,36,-63

AR,357,-60,111

AR,358,-60,110

AL,176,44,-60

AL,167,53,-53

AR,0,-60,106

AR,1,-60,105

AL,164,57,-48

AL,160,61,-42

AR,3,-60,100

AR,4,-60,99

AL,152,68,-22

AL,148,70,-9

AR,5,-60,97

AR,5,-57,98

AL,140,72,19

AL,136,71,32

AR,6,-54,97

AR,12,-48,94

AL,130,68,45

AL,128,67,47

AR,18,-42,90

AR,21,-39,89

AL,125,67,45

AL,126,68,43

AR,26,-33,86

AR,29,-30,85

AL,132,69,32AR,31,-27,84

AR,34,-24,83



AL,138,70,21

AL,143,69,3

AR,38,-20,81

AR,39,-16,81

AL,153,66,-14

AL,155,64,-18

AR,40,-15,81

AR,38,-15,81

AL,158,61,-23

AL,160,60,-25

AR,37,-16,81

AR,33,-20,82

AL,161,58,-28

AR,31,-22,83

AR,25,-29,85

AL,162,58,-29

AL,162,57,-32

AR,21,-32,86

AR,18,-37,87

AL,162,56,-36

AL,162,56,-37

AR,10,-46,89

AR,1,-56,94

AR,357,-61,98

AR,352,-65,105

AL,162,55,-40

AL,161,55,-42

AR,341,-73,128

AR,336,-75,147

AL,161,54,-48

AL,164,52,-50

AR,324,-74,-173

AR,319,-71,-161

AL,168,48,-54

AL,170,45,-56

AR,316,-67,-151

AR,317,-66,-150

AL,175,39,-59

AL,178,36,-60

AR,321,-66,-153AL,183,31,-63

AL,185,28,-65



AR,322,-67,-156

AR,326,-70,-164

AL,188,23,-68

AL,189,21,-70

AR,329,-71,168

AR,333,-71,160

AL,191,18,-72

AL,192,18,-73

AR,337,-69,146

AR,338,-68,141

AL,193,17,-74

AL,193,18,-74

AR,341,-66,133

AR,344,-65,129

AL,191,20,-73

AL,190,22,-72

AR,347,-63,125

AR,348,-62,123

AL,186,28,-70

AL,183,31,-70

AR,350,-61,120

AR,351,-61,118

AL,175,39,-68

AL,171,44,-67

AR,352,-60,116

AR,352,-60,115

AL,163,52,-62

AL,159,57,-58

AR,353,-59,113

AR,354,-59,112

AL,151,66,-44

AL,148,69,-34AR,355,-59,110

AR,356,-59,108



AL,140,74,-1

AR,358,-58,106

AR,359,-58,105

AL,128,72,47

AL,124,69,54

AR,1,-56,103

AR,2,-55,102

AL,117,66,57

AL,114,65,55

AR,7,-51,99

AR,10,-49,96

AL,113,66,51

AL,115,68,47

AR,16,-45,91

AR,19,-44,88

AL,122,70,37

AL,127,71,28

AR,24,-40,84

AR,26,-38,83

AL,135,71,11

AL,137,71,4

AR,29,-34,82AL,142,69,-6

AL,144,68,-10

AL,150,66,-16

AL,152,65,-19

AL,154,64,-23

AL,156,63,-25



AR,29,-33,82

AR,29,-31,83

AL,157,62,-28

AL,158,62,-29

AR,11,-45,88

AR,7,-49,89

AL,159,61,-31

AL,160,61,-32

AR,358,-56,92

AR,353,-61,95

AL,160,60,-34

AL,160,60,-35

AL,159,60,-37

AL,159,60,-38

AR,341,-69,106

AR,335,-72,115

AL,158,59,-40

AL,158,59,-42

AR,308,-77,-158

AR,305,-76,-149

AL,158,57,-46

AL,158,57,-48

AR,304,-74,-142

AR,305,-74,-142

AL,158,54,-51

AL,159,53,-53

AR,307,-75,-145

AR,308,-76,-148

AL,161,49,-56

AL,162,47,-57

AR,310,-79,-159

AR,310,-80,-171

AL,162,45,-59

AL,163,43,-62

AR,313,-80,162

AR,315,-79,154

AL,164,41,-64

AL,164,40,-64

AR,319,-76,142

AR,322,-75,137

AL,164,40,-64

AL,163,40,-63

AR,323,-73,129

AR,324,-71,128

AL,161,42,-62

AL,160,44,-61

AR,327,-69,124

AR,328,-69,123

AL,156,47,-58

AL,154,49,-56

AR,329,-68,122

AR,329,-67,121

AL,148,54,-52

AL,145,57,-49

AR,329,-67,120

AR,329,-66,120

AL,139,62,-41

AL,135,64,-35

AR,330,-66,119

AR,330,-66,119

AL,132,66,-29

AL,125,68,-14

AR,330,-66,118

AR,330,-65,118

AL,121,68,-6

AL,115,68,7

AR,331,-65,117

AL,111,67,12

AL,104,66,18

AR,331,-65,117

AR,331,-65,116

AL,100,65,19

AL,97,64,20

AR,332,-64,114

AR,333,-64,113

AL,90,62,18

AL,83,60,15

AR,334,-63,111

AR,335,-63,109

AL,79,60,13

AL,77,59,11

AR,337,-62,106

AR,338,-61,104

AL,72,59,8

AL,72,58,7

AR,340,-59,100

AR,342,-58,98

AL,72,59,7

AL,73,59,7

AR,346,-55,91

AR,348,-54,88

AL,75,60,6

AL,77,60,6

AR,350,-52,84

AR,349,-50,84

AL,78,60,5

AL,80,60,3

AR,348,-49,85

AR,345,-45,89

AL,80,60,2

AL,81,60,1

AR,342,-43,91

AR,340,-42,91

AL,83,60,0

AL,84,60,-1

AR,337,-41,91

AR,335,-40,90

AL,84,60,-3

AL,85,60,-3

AR,333,-40,89

AR,329,-40,86

AL,85,59,-4

AL,85,60,-4

AR,324,-41,83

AR,321,-41,82

AL,85,60,-3

AL,84,60,-3

AR,313,-43,80

AR,310,-44,80

AL,83,60,-2

AL,83,60,-2

AR,302,-46,78

AR,297,-48,77

AL,81,60,-1

AL,80,60,0

AR,293,-49,76

AR,284,-53,76

AL,79,61,0

AL,78,61,0

AR,279,-55,76

AR,269,-58,76

AL,77,61,0

AL,76,61,0

AR,264,-60,77

AR,253,-65,77

AL,74,61,0

AL,74,61,0

AR,247,-67,78

AR,242,-69,78

AL,72,61,0

AL,72,61,-1

AR,230,-72,79

AR,217,-75,83

AL,71,60,-2

AL,71,60,-3

AR,211,-77,85

AR,200,-79,90

AL,70,60,-3AR,196,-80,91

AR,193,-81,92



AL,70,60,-4

AL,69,60,-5

AR,189,-83,173

AR,186,-84,175

AL,68,59,-7

AL,67,59,-7

AR,186,-85,175

AR,185,-85,175

AL,66,58,-9

AL,65,58,-10

AR,184,-84,175

AR,186,-83,173

AL,63,57,-12

AL,62,56,-13

AR,187,-82,109

AR,188,-82,108

AL,59,55,-17

AL,58,55,-19

AR,187,-81,108

AR,188,-81,107

AR,189,-80,103

AR,189,-80,103

AL,54,53,-24

AL,52,53,-26

AR,188,-79,103

AR,188,-79,103

AL,42,50,-35

AL,39,50,-37

AR,188,-78,102

AR,188,-78,102

AL,34,51,-39

AL,32,51,-39

AR,188,-78,100

AR,188,-78,100

AL,26,52,-40

AL,23,53,-41

AR,187,-78,99

AR,187,-77,99

AL,16,56,-43

AL,12,57,-44

AR,187,-77,98

AR,187,-77,97

AL,5,61,-45

AL,1,62,-45

AR,186,-77,95

AR,186,-77,94

AL,356,66,-43

AL,354,67,-41

AR,186,-77,92

AR,187,-76,91

AL,351,70,-37

AL,349,72,-35

AR,185,-76,88

AR,186,-75,87

AL,344,75,-28

AL,341,76,-23

AR,186,-74,83

AR,185,-74,82AL,335,78,-11

AL,332,78,-4



AR,185,-73,79

AR,186,-72,77

AL,327,78,7

AL,325,78,12

AR,185,-71,74

AR,185,-71,73

AL,322,78,15

AL,322,77,15

AL,321,77,11

AL,322,77,7

AR,186,-69,70

AR,186,-69,69

AL,323,77,-1

AL,324,76,-5

AR,187,-64,64

AR,186,-63,63

AL,325,74,-11

AL,325,73,-13

AR,188,-60,62

AR,189,-58,62

AL,327,72,-18

AL,329,71,-20

AR,191,-54,63

AR,192,-51,63

AL,330,69,-23

AL,331,68,-24

AR,194,-46,64

AR,195,-43,64

AL,332,66,-26

AL,333,65,-27

AR,197,-38,66

AR,197,-37,67

AL,334,64,-29

AL,335,63,-29

AR,198,-34,69

AR,198,-33,70

AL,336,62,-31

AL,336,61,-32

AR,198,-33,72

AR,197,-34,73

AL,337,60,-33

AL,337,59,-33

AR,195,-36,75

AR,193,-37,76

AL,338,58,-35

AL,338,58,-35

AR,190,-41,79

AR,187,-44,80

AL,338,57,-36

AL,339,57,-37

AR,182,-49,85

AR,179,-52,87

AL,339,57,-38

AL,339,57,-38

AL,339,57,-39

AL,339,57,-39

AR,171,-58,94

AR,167,-61,99

AL,338,57,-41

AL,338,57,-42

AR,144,-72,138

AR,140,-73,149

AL,338,56,-44

AL,338,56,-46

AR,134,-74,168

AR,132,-73,175

AL,338,56,-49

AL,339,56,-50

AR,131,-72,-177

AR,131,-71,-177

AL,339,55,-52

AL,341,53,-54

AR,135,-70,178

AR,137,-70,174

AL,346,49,-55

AL,349,47,-55

AR,144,-70,160

AR,146,-69,154

AL,355,41,-55

AL,357,39,-56

AR,147,-69,145

AR,147,-68,142

AL,359,36,-58

AL,1,32,-63

AR,152,-66,133

AR,154,-65,129

AL,2,31,-65

AL,4,28,-68

AR,156,-63,125

AR,158,-62,123

AL,4,27,-68

AL,4,27,-69

AR,161,-60,119

AR,162,-59,118

AL,4,27,-69

AL,3,29,-69

AR,164,-58,116

AR,164,-58,115

AL,2,30,-68

AL,1,32,-68

AR,165,-57,113

AR,165,-56,113

AL,357,37,-67

AL,352,44,-66

AR,166,-56,111

AR,167,-56,110

AL,349,48,-65

AL,342,56,-61

AR,168,-56,108

AR,168,-56,107

AL,339,60,-57

AL,332,67,-44

AR,170,-57,104

AR,171,-57,102

AR,173,-58,98

AR,172,-57,97

AL,329,70,-35

AL,324,74,-10

AR,172,-54,98

AR,173,-52,98

AL,316,74,30

AL,315,73,32

AR,178,-47,95

AR,181,-44,93

AL,316,73,29

AL,317,73,24

AR,189,-38,88

AR,192,-35,85

AL,322,73,9

AL,327,72,0

AR,197,-30,82

AR,199,-28,81

AL,332,69,-11

AL,334,67,-15

AR,201,-26,80

AR,204,-23,79

AR,204,-22,79

AR,204,-23,81

AL,340,64,-21

AL,342,63,-23

AR,201,-26,84

AR,199,-28,85

AL,347,58,-31

AL,348,57,-32

AR,193,-34,87

AR,190,-37,88

AL,348,56,-33

AL,348,56,-34

AR,187,-41,89

AR,179,-50,92

AL,348,56,-37

AL,347,56,-38

AL,346,56,-41

AL,345,56,-43

AR,175,-55,94

AR,166,-64,103

AL,343,57,-47

AL,342,57,-49

AR,146,-75,156

AR,135,-73,-171

AL,345,55,-49

AL,349,52,-49

AL,356,47,-52

AL,359,43,-54

AR,131,-71,-161

AR,129,-69,-156

AL,4,37,-58

AL,7,33,-60

AR,138,-69,-164

AR,141,-70,-170

AL,11,27,-63

AL,13,25,-64

AR,142,-71,-179

AR,143,-71,171

AL,15,20,-67

AL,15,19,-68

AR,149,-70,156

AR,151,-69,144

AL,16,16,-70

AL,16,16,-70

AR,153,-68,140

AR,155,-67,137

AL,16,17,-70

AL,15,18,-70

AR,159,-65,130

AR,161,-64,128

AL,12,22,-70

AL,10,25,-70AR,163,-63,124



AL,5,33,-70

AL,352,46,-69

AR,164,-62,123

AR,170,-61,114

AL,339,60,-61

AL,336,65,-54

AR,174,-60,107

AR,176,-60,105

AL,330,72,-32

AL,328,74,-16

AR,179,-60,100

AR,179,-59,98

AL,323,76,18

AL,320,75,33

AR,180,-57,97

AR,181,-54,96

AL,316,72,48

AL,314,71,50

AR,186,-49,93

AR,189,-46,91

AL,313,71,46

AL,313,71,42

AR,197,-40,85

AR,200,-37,82

AL,319,72,27

AL,325,72,15

AR,205,-31,78

AR,208,-29,77

AL,331,70,-1

AL,335,69,-6

AR,211,-25,75

AR,212,-23,75

AL,343,66,-16

AL,345,65,-20

AR,213,-21,76

AR,212,-22,76

AL,348,62,-25

AR,209,-24,78

AR,207,-26,79

AL,349,61,-26

AL,349,60,-29

AR,202,-32,82

AR,199,-36,83

AL,348,59,-33

AL,348,58,-35

AR,192,-44,84

AR,188,-49,86

AL,347,58,-39

AL,346,58,-41

AR,180,-58,90

AR,175,-63,94

AL,344,58,-44

AL,343,59,-46

AR,164,-73,111

AR,159,-76,127

AL,343,58,-49

AL,346,56,-49

AR,147,-77,174

AR,141,-76,-166

AL,354,50,-51

AL,357,47,-53

AR,131,-71,-147

AR,130,-69,-144

AL,3,41,-56

AL,7,37,-58

AR,133,-67,-145

AR,136,-68,-147

AL,12,30,-60

AL,15,27,-62

AR,141,-70,-155

AR,143,-72,-162

AL,18,22,-65

AL,19,20,-67

AR,147,-74,174

AL,21,16,-69

AL,21,15,-69

AR,150,-74,164

AR,152,-73,148

AL,22,15,-69

AL,21,16,-69

AR,159,-70,132AL,19,19,-67

AL,17,22,-66



AR,161,-69,128

AR,164,-67,122

AL,11,29,-65

AL,7,33,-64

AR,167,-66,116

AR,168,-65,114

AL,358,43,-63

AL,352,48,-62

AR,170,-65,109

AR,171,-64,107

AL,342,58,-55

AL,337,63,-48

AR,173,-64,102

AR,175,-64,99

AL,328,70,-25

AL,325,72,-8

AR,177,-64,95

AR,177,-63,94

AL,318,72,26

AL,315,70,39

AR,177,-60,94

AR,178,-57,93

AL,309,67,53

AL,307,66,55

AR,184,-51,90

AR,188,-48,87

AL,305,65,53

AL,306,66,50

AR,195,-42,81

AR,198,-39,79

AL,310,68,40

AL,315,69,31

AR,204,-33,77

AR,206,-30,76

AL,324,69,13

AL,327,68,5

AR,209,-26,74

AR,210,-25,74

AL,331,67,-1

AL,338,65,-12

AR,210,-23,75

AR,209,-23,76

AL,340,64,-15

AL,343,61,-21

AR,206,-25,79

AR,203,-27,79

AL,344,59,-24

AL,344,58,-26

AR,197,-34,80

AR,193,-38,81

AL,344,58,-27

AL,344,57,-30

AR,186,-47,81

AR,182,-52,81

AL,343,57,-34

AL,343,57,-36

AR,174,-62,84

AR,169,-67,88

AL,342,57,-38

AL,341,57,-42

AR,156,-77,110

AR,150,-80,136

AL,340,57,-44

AL,341,56,-46

AR,137,-78,-162

AR,130,-75,-147

AL,344,54,-47

AL,350,50,-49

AR,121,-68,-135

AR,121,-66,-134

AL,353,47,-52

AL,355,44,-54

AR,123,-64,-136

AR,125,-64,-138

AL,1,38,-57

AL,7,32,-60

AR,129,-67,-142

AR,131,-69,-147

AL,9,29,-61

AL,11,26,-63

AR,136,-73,-170

AR,142,-73,-179

AL,13,22,-65

AL,14,20,-66

AR,143,-75,158

AR,145,-74,149

AL,15,18,-68

AL,16,18,-68

AR,151,-71,137

AR,153,-70,132

AL,15,19,-67

AL,14,20,-67

AR,156,-69,125

AR,157,-68,123

AL,11,25,-66

AL,4,32,-65

AR,160,-67,118

AR,161,-66,116

AL,0,36,-65

AL,356,40,-64

AR,162,-66,114

AR,165,-65,110

AR,166,-64,108

AL,346,50,-61

AL,341,55,-58

AR,170,-64,101

AR,171,-64,99

AL,319,72,-3

AL,316,72,14

AR,173,-63,95

AR,174,-60,95

AL,309,70,42

AL,305,68,50

AR,175,-57,94

AR,181,-52,91

AL,301,65,56

AL,299,64,56

AR,184,-49,88

AR,188,-46,85

AL,300,65,52

AL,302,67,49

AR,193,-40,80

AR,199,-35,77

AL,309,69,38

AL,316,70,27

AR,203,-30,75

AR,205,-28,74

AL,322,70,8

AL,325,69,0

AR,206,-26,74

AR,207,-24,74

AL,333,67,-10AR,207,-24,75

AR,204,-25,77



AL,336,65,-15

AL,339,62,-21

AL,342,59,-27

AL,342,59,-28

AR,202,-27,78

AR,199,-29,79

AL,342,57,-32

AL,342,57,-33

AL,342,56,-37

AR,183,-49,81

AR,180,-54,81

AL,341,56,-42AR,154,-77,119

AR,147,-79,146



AR,134,-77,-160

AR,128,-73,-147

AL,341,56,-44

AL,339,56,-48

AR,121,-67,-136

AR,121,-65,-135

AL,353,45,-53AR,124,-64,-139

AR,127,-64,-141



AL,356,42,-55

AR,131,-67,-145

AR,132,-69,-150

AL,7,29,-63

AL,8,27,-64

AR,135,-73,-170

AR,138,-74,-178

AL,9,23,-67

AL,10,22,-68

AR,143,-74,160

AR,144,-74,151

AL,11,22,-69

AL,10,22,-68

AR,149,-71,139

AR,151,-70,134

AL,9,24,-68

AL,7,26,-67

AR,154,-69,127

AR,155,-68,124

AL,3,32,-66

AL,0,36,-65

AR,158,-67,119

AR,159,-66,118

AL,351,44,-65

AR,161,-65,114

AR,163,-65,112

AL,346,49,-64

AL,336,58,-59

AR,165,-64,108

AR,166,-64,106

AL,323,71,-32

AL,320,73,-16

AR,168,-63,102

AR,170,-63,99

AL,315,74,22

AL,312,73,38

AR,172,-63,94

AR,172,-61,94

AL,307,69,57

AL,305,67,61

AR,174,-57,93

AR,176,-55,92

AL,303,66,61

AL,303,67,59

AR,182,-49,89

AR,185,-46,86

AL,306,69,51AR,192,-41,80

AR,194,-38,78

AR,199,-33,75

AR,201,-31,74



AL,310,71,46

AL,320,73,25

AR,203,-28,73

AR,203,-27,73

AL,338,67,-19

AL,340,65,-22

AR,203,-26,75

AR,202,-27,76

AL,343,62,-26

AL,343,61,-28

AR,197,-31,79

AR,194,-34,80

AL,345,59,-31AR,188,-42,82

AR,184,-46,83



AL,345,59,-32

AL,345,58,-34

AR,177,-55,85

AR,173,-60,87

AL,344,56,-38

AL,344,56,-40

AR,164,-70,98

AR,159,-75,110

AL,343,56,-44

AL,342,56,-46

AR,147,-79,157

AR,141,-78,-175

AL,341,56,-50

AL,340,56,-52

AR,129,-72,-145

AR,124,-69,-139

AL,344,53,-53

AL,348,50,-53

AR,123,-65,-136

AR,124,-64,-137

AL,353,45,-54

AL,356,43,-56

AR,128,-66,-141

AR,130,-68,-143

AL,1,38,-60

AL,3,35,-61

AR,131,-73,-159

AR,134,-73,-171

AL,5,33,-63

AL,7,29,-65

AR,140,-78,164

AL,9,27,-67

AL,10,26,-68

AR,141,-76,154

AR,146,-73,139

AL,10,26,-69

AL,9,27,-69

AR,153,-69,125

AR,154,-68,123

AL,6,30,-68

AL,4,33,-67

AR,156,-67,118

AR,157,-66,117

AL,358,39,-66

AL,354,43,-65

AR,159,-66,114

AR,161,-65,112

AL,345,51,-62

AL,341,55,-59

AR,163,-65,109

AR,164,-64,108

AL,331,63,-47

AL,327,67,-37

AR,167,-63,104

AR,168,-63,102

AL,323,70,-25

AL,315,72,9

AR,171,-63,98

AR,172,-63,95

AL,312,71,25

AL,305,67,49

AR,174,-61,92

AR,175,-60,92

AL,302,65,56

AL,297,61,61

AR,177,-56,91

AR,179,-53,90

AL,295,61,61

AL,294,61,59

AR,185,-48,86

AR,189,-45,84

AL,297,63,56

AL,305,66,47

AR,194,-41,78

AR,197,-38,76

AL,311,68,39

AL,314,69,31

AR,201,-34,73

AR,202,-32,72

AL,321,69,15

AL,329,69,1

AR,203,-29,72

AR,203,-28,72

AL,331,68,-4

AL,333,66,-8

AR,202,-28,74

AR,200,-29,74

AL,337,64,-14

AL,338,63,-16

AR,196,-32,77

AR,193,-35,78

AL,339,62,-19

AL,340,62,-21

AR,187,-42,79

AR,184,-46,79

AL,340,61,-23

AL,340,61,-24

AR,178,-55,80

AR,175,-59,81

AL,339,61,-27

AL,338,61,-28

AR,166,-69,87AL,337,60,-32

AL,336,60,-33



AR,161,-74,95

AR,156,-78,109

AL,335,60,-36

AL,334,60,-38

AR,129,-76,-142

AR,123,-73,-133

AL,335,59,-42

AL,337,57,-44

AR,118,-68,-126

AR,119,-66,-127

AL,342,53,-48

AL,345,50,-51

AR,122,-67,-130

AR,124,-68,-131

AL,349,45,-56

AL,352,43,-58

AR,126,-70,-133

AR,129,-75,-141

AL,356,38,-61

AL,357,35,-63

AR,131,-78,-154

AR,135,-80,178

AL,359,31,-66

AL,0,30,-67

AR,137,-79,163

AR,141,-78,140

AL,0,28,-68

AL,0,28,-69

AR,143,-76,132

AR,146,-74,123

AL,359,29,-69

AL,357,30,-68AR,148,-73,120

AR,151,-71,115



AL,353,34,-67

AL,351,36,-66

AR,152,-70,113

AR,153,-69,110

AL,344,43,-64

AL,340,46,-62

AR,154,-68,109

AR,155,-68,108

AL,332,53,-56

AL,328,57,-52

AR,156,-67,105

AR,157,-67,104

AL,320,64,-39

AL,316,67,-29

AR,158,-66,102

AR,159,-66,100

AL,308,70,-2

AL,305,71,12

AR,161,-65,97

AR,162,-65,96

AL,299,68,37

AL,295,67,47

AR,164,-64,92

AR,166,-62,89

AL,289,63,57

AL,286,61,59

AR,168,-61,88

AR,169,-59,87

AL,283,61,57

AL,283,61,55

AR,174,-54,85

AR,177,-52,83

AL,288,64,50

AL,292,66,46

AR,183,-48,77

AR,185,-46,75

AL,299,69,34

AL,302,70,27

AR,189,-42,72

AR,190,-40,72

AL,309,70,15

AL,311,69,9

AR,191,-37,73

AR,191,-36,74

AL,315,68,0

AL,317,67,-4

AR,189,-36,75

AR,188,-36,75

AL,321,66,-10

AL,322,65,-13

AR,185,-39,76AL,324,64,-17

AL,325,63,-18



AR,183,-40,77

AR,178,-45,78

AL,326,63,-21

AL,327,62,-22

AR,168,-55,80

AR,164,-59,81

AL,327,62,-24

AL,328,62,-25

AR,154,-67,86

AR,149,-71,91

AL,328,62,-28

AL,328,62,-29

AR,137,-79,110

AR,132,-83,175

AR,122,-81,-151

AR,117,-78,-137

AL,328,61,-32

AL,329,61,-34

AR,112,-71,-127

AR,112,-69,-126

AL,329,57,-44

AL,330,56,-46

AR,113,-67,-128

AR,115,-68,-129

AL,332,53,-49

AL,333,51,-51

AR,118,-70,-130

AR,120,-73,-132

AL,334,49,-54

AL,334,48,-56

AR,121,-77,-141

AR,122,-79,-149

AL,335,46,-59

AL,335,45,-59

AR,125,-79,-170

AR,128,-80,179

AL,336,45,-59

AL,336,45,-59

AR,131,-80,160

AR,131,-79,152

AL,335,46,-58

AL,333,47,-57

AR,134,-78,141

AR,135,-77,138

AL,330,50,-55

AL,328,52,-53

AR,135,-77,134

AR,136,-76,132

AR,137,-76,129

AR,138,-76,128

AL,323,57,-49

AL,321,59,-46

AR,139,-75,128

AR,139,-75,127

AL,305,68,-14

AL,301,69,-5

AR,139,-75,127

AR,140,-75,127

AL,294,69,11

AL,291,68,18

AR,140,-75,126

AR,141,-75,125

AL,284,66,28

AL,281,65,31

AR,142,-75,123

AR,143,-75,122

AL,275,63,34

AL,273,62,34

AR,145,-75,118

AR,146,-74,116

AL,269,60,33

AL,267,60,32

AR,148,-73,110

AR,149,-72,107

AL,265,59,29

AL,264,60,27

AL,263,60,24

AL,263,60,24

AR,152,-70,101

AR,153,-69,98

AL,267,61,23

AL,268,61,21

AR,164,-62,79

AR,165,-60,77

AL,270,62,17

AL,271,62,16

AR,163,-56,80

AR,161,-54,83

AL,274,62,13

AL,274,61,11

AR,158,-52,86

AR,156,-51,86

AL,274,61,8

AL,275,61,7AR,151,-52,82

AR,149,-52,81



AL,275,60,7

AL,275,60,6

AR,144,-54,78

AR,141,-55,76

AL,274,60,5

AL,274,60,6

AR,134,-58,72

AR,130,-60,70

AL,272,61,6

AL,271,61,7

AR,103,-69,62

AR,97,-71,61

AR,83,-73,57

AR,77,-75,54

AL,270,61,7

AL,269,61,7

AR,64,-76,49

AR,58,-76,48

AL,266,61,8

AL,265,61,7

AR,45,-76,51

AR,40,-76,53

AL,264,61,7

AL,264,61,6

AR,33,-76,56

AR,31,-75,58

AL,263,61,5

AL,263,61,4

AR,29,-74,62

AR,29,-74,64

AL,259,60,1

AL,259,60,0

AR,31,-72,66

AR,31,-72,67

AL,257,59,-1

AL,253,59,-4

AR,32,-71,70

AR,32,-70,71

AL,251,59,-6

AL,249,58,-7

AR,33,-70,72

AR,33,-70,72

AL,245,57,-10

AL,242,57,-11

AR,34,-69,73

AR,33,-69,73

AL,237,55,-14

AL,231,54,-17

AR,32,-68,75

AR,32,-68,76

AL,228,54,-18

AL,225,53,-19

AR,31,-67,76

AR,31,-67,76

AL,218,52,-21

AL,214,52,-23

AR,30,-66,76

AR,29,-66,76

AL,206,52,-27

AL,202,53,-29

AR,28,-66,76

AR,27,-66,76AL,196,54,-32

AL,193,55,-32



AR,27,-66,76

AR,26,-66,75

AL,189,56,-32

AL,187,56,-32

AR,25,-66,74

AR,25,-66,74

AL,182,58,-32

AL,180,59,-32

AR,25,-66,73

AR,24,-66,72

AL,175,62,-33

AL,172,63,-33

AR,24,-66,72

AR,24,-66,71

AL,167,65,-33

AL,164,67,-33

AR,24,-65,70

AL,160,69,-31

AL,156,70,-30

AR,24,-65,69

AR,24,-65,68

AL,153,71,-28

AL,151,72,-26

AR,24,-64,66

AR,24,-63,64

AL,147,73,-24

AL,145,73,-22

AL,141,74,-21

AL,140,74,-20

AR,24,-63,63

AR,24,-62,62

AL,139,72,-22

AL,139,72,-24

AR,23,-59,58

AR,23,-58,58

AL,139,70,-29

AL,139,69,-29

AR,25,-55,57

AR,26,-51,58

AR,27,-49,59

AR,27,-47,59

AL,141,67,-30

AL,141,66,-31

AR,28,-41,61

AR,28,-39,63

AL,143,62,-34

AL,144,61,-34

AR,27,-34,68

AR,27,-32,71

AL,144,60,-35

AL,145,59,-36

AR,27,-29,73

AR,27,-28,73

AL,145,58,-37

AL,146,57,-37

AR,27,-27,73

AR,26,-27,73

AL,146,57,-38

AL,146,56,-38

AL,147,55,-39

AL,147,55,-40

AR,23,-28,75

AR,22,-29,76

AL,147,55,-39

AL,147,55,-39

AR,10,-37,87

AR,8,-39,89

AL,147,54,-40

AL,147,54,-40

AR,2,-44,94

AR,0,-46,96

AL,147,54,-41

AL,147,53,-41

AR,353,-51,103

AR,350,-53,107

AL,147,53,-43

AL,147,53,-44

AR,340,-56,119

AR,335,-58,124

AL,147,52,-47

AL,148,51,-49

AR,331,-61,131

AR,330,-61,133

AL,149,49,-52

AL,149,48,-53

AR,330,-62,137

AR,331,-62,138

AL,150,46,-57

AL,151,44,-58

AR,333,-61,137

AR,335,-60,135

AL,154,40,-60

AL,157,37,-60

AR,341,-57,128

AR,344,-56,125

AL,162,31,-60

AL,165,29,-61

AR,344,-54,123

AR,343,-52,123

AL,169,24,-63

AL,170,22,-64

AR,347,-50,119

AR,348,-49,118

AL,173,19,-66

AL,174,18,-67

AR,351,-46,118

AR,352,-46,117

AL,173,18,-68

AL,173,19,-69

AR,354,-44,115

AR,355,-43,114

AL,171,21,-70

AL,170,24,-70

AR,357,-42,113

AR,358,-41,113

AL,166,29,-71

AL,164,32,-71

AR,358,-41,112

AR,358,-41,111

AL,159,40,-71

AL,156,44,-71

AR,358,-41,110

AR,358,-41,110

AR,358,-41,109

AL,150,53,-67

AL,146,57,-64

AR,359,-41,108

AR,0,-42,106

AL,133,75,-30

AL,131,76,-18

AR,2,-41,103

AR,3,-39,103

AL,127,78,3

AL,125,77,9

AR,6,-35,101

AR,9,-33,100

AL,123,77,9

AL,124,76,4

AR,15,-27,96

AR,18,-24,94

AL,129,74,-10

AL,133,72,-20

AR,23,-18,90

AR,25,-16,89

AL,137,68,-29

AL,140,65,-30

AR,29,-12,86

AR,30,-10,85

AL,144,61,-34

AL,146,59,-36

AR,32,-8,84

AR,32,-8,84

AL,148,58,-38

AL,151,55,-38

AR,31,-9,83

AR,30,-11,83

AL,152,53,-40

AL,152,53,-41

AR,27,-16,84

AR,24,-19,85

AL,153,51,-42

AL,153,51,-43

AR,18,-26,86

AR,15,-31,87

AL,153,51,-44

AL,154,50,-46

AR,8,-40,89

AR,4,-44,92

AL,154,50,-48

AL,154,50,-51

AL,154,50,-52

AL,154,50,-56

AR,354,-54,99

AR,349,-58,105

AL,154,50,-58

AL,157,48,-58

AL,160,45,-57

AL,167,39,-57

AR,325,-71,151AL,170,36,-58

AL,174,33,-58



AR,324,-72,159

AL,179,27,-60

AL,180,25,-61

AR,340,-65,136

AR,343,-64,130

AL,183,21,-65

AL,183,19,-66

AR,345,-60,125

AR,347,-59,121

AL,184,17,-69

AL,184,17,-69

AR,351,-56,116

AR,352,-55,115

AL,183,18,-70

AL,180,21,-70

AR,355,-52,112

AR,356,-52,111

AL,178,23,-70

AL,176,26,-69

AR,358,-50,108

AR,359,-49,107

AL,170,33,-67

AL,166,37,-66

AR,1,-48,104

AR,2,-48,103

AL,158,46,-63

AL,153,50,-61

AR,3,-48,100

AR,3,-48,98

AL,144,60,-52

AL,139,65,-45

AR,4,-48,94

AR,4,-48,93

AL,131,72,-21

AL,128,73,-5

AR,3,-46,95

AR,3,-43,96

AL,121,73,24

AL,118,72,34

AR,7,-38,96

AR,10,-35,94

AL,114,70,41

AL,113,70,41

AR,16,-29,89

AR,19,-25,88

AL,115,71,34

AL,117,72,28

AR,21,-22,87

AR,26,-16,85

AL,127,71,7

AL,130,70,-2

AR,28,-13,84

AR,30,-11,83

AL,136,66,-16

AL,140,65,-20

AR,33,-8,83

AR,33,-7,83

AL,145,61,-27

AL,147,59,-30

AR,32,-7,84

AR,31,-8,84

AL,150,56,-33

AL,151,55,-34

AR,27,-12,85

AR,22,-18,86

AR,19,-22,86

AR,13,-31,87

AL,151,53,-37

AL,151,53,-38

AR,10,-36,88

AR,2,-46,91

AL,152,51,-45

AL,151,51,-47

AR,358,-51,95AL,150,51,-51

AL,150,51,-52



AR,348,-60,106

AR,343,-64,115

AL,154,48,-52

AL,157,46,-53

AR,327,-70,153

AR,323,-70,166

AL,162,41,-55

AL,164,38,-57

AR,320,-68,-178

AR,321,-67,-177

AL,170,32,-59

AL,172,29,-61

AR,325,-67,179

AR,327,-67,175

AL,176,23,-64

AL,177,21,-66

AR,331,-68,163

AR,332,-66,153

AL,179,17,-70

AL,179,16,-71

AL,181,14,-73

AL,181,14,-73

AR,340,-64,139

AR,342,-62,134

AL,181,15,-72

AL,180,17,-72

AR,351,-55,122

AR,352,-54,120

AL,177,21,-71

AL,174,24,-70

AR,355,-52,116

AR,356,-51,115

AL,168,32,-70

AL,165,37,-70

AR,359,-50,112

AR,0,-49,110

AL,156,46,-69

AL,152,51,-67

AR,1,-49,107

AR,2,-48,106

AL,144,61,-58

AL,140,66,-51

AL,134,74,-26

AL,131,76,-8

AR,3,-48,103

AR,3,-48,101

AL,126,76,30

AL,122,74,43

AR,5,-46,96

AR,5,-44,97

AL,117,72,53

AL,116,71,53

AR,9,-38,96

AR,12,-35,94

AL,116,72,46

AL,118,73,40

AR,18,-30,89

AR,20,-27,87

AL,126,74,19

AL,131,74,5

AR,25,-21,85

AR,27,-19,83

AL,136,70,-12

AL,140,68,-18AR,30,-14,82

AR,31,-13,82



AL,147,65,-26

AL,148,62,-29

AR,32,-11,82

AR,32,-11,83

AL,151,59,-32

AL,152,58,-34

AR,30,-12,84

AR,28,-14,85

AL,154,56,-36

AL,154,55,-37

AR,23,-20,86

AR,21,-23,87

AL,154,54,-40

AL,154,54,-41

AR,15,-32,89

AR,11,-36,90

AL,154,53,-44

AL,154,53,-46

AR,4,-46,94

AR,0,-51,98

AL,153,52,-49

AL,153,52,-51

AR,350,-60,111

AR,344,-64,120

AL,152,52,-54

AL,151,52,-55

AR,333,-69,143

AR,329,-70,155

AL,156,48,-55

AL,160,45,-55

AR,326,-69,170

AR,327,-69,172

AL,166,40,-57

AL,169,37,-57

AR,331,-69,169

AR,332,-69,165

AL,174,31,-60

AL,177,28,-62

AR,333,-68,153

AR,334,-66,145

AL,180,23,-65

AL,182,21,-66

AR,344,-62,132

AR,344,-61,126

AL,184,17,-69

AL,184,16,-69

AR,346,-57,122

AR,349,-55,120

AL,185,16,-70

AL,185,16,-70

AR,354,-52,115

AR,355,-50,114

AL,183,19,-70

AL,181,21,-69

AR,358,-48,111

AR,359,-48,110

AL,179,24,-69

AL,173,31,-68

AL,164,39,-68

AL,160,44,-67

AR,2,-46,107

AR,3,-46,106

AL,150,53,-63

AL,145,58,-59

AR,8,-43,99AL,141,63,-53

AL,133,71,-33



AR,9,-43,98

AR,11,-43,94

AL,130,74,-17

AL,126,76,20

AR,12,-40,91

AR,13,-39,92AL,123,75,36



AR,15,-34,92AL,118,72,53

AL,116,71,54



AR,22,-26,89

AR,25,-23,87

AL,115,72,44

AL,121,73,26

AR,29,-17,84

AR,32,-14,83

AR,35,-10,81

AR,36,-8,81

AL,127,74,11

AL,129,73,0

AR,37,-5,82

AR,36,-5,82

AL,147,63,-30

AL,151,60,-34

AR,35,-7,82

AR,33,-8,82

AL,152,59,-35AR,30,-13,82

AR,27,-17,82



AL,153,57,-37

AR,22,-24,83

AR,20,-28,84

AL,153,54,-42

AL,153,54,-44

AR,13,-37,87

AR,10,-42,89

AL,153,54,-47

AL,152,53,-50

AR,0,-52,98

AR,355,-57,103

AL,152,53,-51

AL,152,53,-53

AR,345,-65,118

AR,340,-68,127

AL,151,53,-56

AL,152,52,-57

AR,330,-71,151

AR,327,-71,162

AL,158,48,-56

AL,161,45,-57

AR,327,-70,171

AR,329,-70,172

AL,166,40,-58

AL,169,37,-59

AR,332,-70,166

AR,333,-70,161

AL,173,32,-63

AL,175,30,-65

AR,335,-68,146

AR,338,-65,138

AL,177,25,-68

AL,178,23,-70

AR,344,-62,127

AR,344,-60,124

AL,180,20,-72

AL,181,19,-72

AR,348,-56,119

AR,350,-54,117

AL,182,18,-72

AL,182,18,-72

AR,355,-51,113

AL,181,21,-71

AL,180,23,-71

AR,357,-50,112

AR,359,-48,110

AL,175,28,-70

AL,172,32,-70

AR,2,-47,107

AR,4,-46,105

AL,165,40,-69

AL,160,44,-68

AR,5,-45,104

AR,7,-44,101

AL,152,53,-64

AL,147,58,-60

AR,8,-44,100

AR,10,-44,97AL,140,67,-46

AL,136,70,-35



AR,10,-44,94

AL,130,75,-3

AL,127,75,14

AR,12,-43,91

AR,13,-40,93

AL,121,73,42

AL,118,72,48

AR,14,-37,93

AR,18,-32,91

AL,114,71,49

AL,114,71,46

AR,21,-30,90

AR,23,-27,87

AL,118,73,35

AL,123,74,23

AR,28,-21,83AL,131,74,-3

AL,133,72,-13



AR,32,-16,80

AR,34,-14,79

AL,141,68,-23

AL,144,66,-28

AR,37,-9,79

AR,37,-8,80

AL,148,62,-33

AL,150,61,-35

AL,152,58,-37

AL,153,57,-38

AR,37,-9,80

AR,35,-11,81AL,154,56,-41

AR,26,-23,84

AR,23,-27,85



AL,154,55,-42

AL,154,54,-44

AR,17,-36,87

AR,13,-40,88

AL,155,53,-49

AL,155,53,-50

AR,5,-50,93

AR,0,-55,98

AL,154,53,-53

AL,154,53,-55

AR,349,-64,112

AR,343,-68,122

AL,153,53,-58

AL,154,52,-59

AR,332,-72,149

AR,327,-72,162

AL,160,48,-58

AL,163,45,-58

AR,326,-72,176

AR,328,-71,176

AL,169,39,-59

AL,172,36,-60

AR,332,-71,170

AR,334,-72,164

AL,177,31,-63

AL,179,28,-64

AL,183,23,-66

AL,184,21,-67

AR,336,-70,147

AR,338,-68,139

AL,186,18,-68

AL,187,17,-69

AR,348,-58,118

AR,351,-56,116

AL,186,18,-69

AL,185,19,-68

AR,355,-53,113

AR,356,-52,111

AL,182,23,-67

AL,180,26,-66

AR,359,-50,109

AR,0,-50,108

AL,174,32,-64

AL,171,36,-63

AR,2,-48,106

AR,3,-48,105

AR,5,-47,103

AR,5,-46,101

AL,163,44,-60

AL,159,49,-57

AR,7,-46,99

AR,8,-46,97

AL,137,69,-23

AL,134,71,-9

AR,10,-46,93

AR,11,-46,91

AL,127,72,21

AL,123,71,34

AR,12,-44,90

AR,13,-43,90

AL,117,68,48

AL,114,67,50

AR,15,-38,90

AR,18,-36,89

AL,112,66,47

AL,112,67,44

AR,23,-30,85

AR,25,-27,83

AL,118,69,32

AL,123,69,22

AR,29,-22,81

AR,31,-20,80

AL,129,69,4

AL,133,68,-2

AR,33,-15,79

AR,33,-13,80

AL,140,66,-14

AL,142,64,-18

AR,33,-11,81

AR,33,-11,81

AL,145,61,-23

AL,147,60,-25

AR,31,-12,82AL,148,58,-28



AR,29,-14,82

AR,15,-29,85

AL,149,57,-29

AL,149,55,-35

AR,5,-43,87

AR,1,-48,90

AL,148,55,-39

AL,148,55,-41

AR,352,-58,97

AR,347,-62,104

AL,147,54,-44

AL,146,54,-46

AR,336,-70,124

AR,331,-72,139

AL,145,54,-49

AL,146,53,-50

AR,320,-73,172

AR,318,-71,-176

AL,148,51,-51

AL,153,47,-53

AR,319,-69,-168

AR,321,-69,-169

AL,156,44,-55

AL,161,39,-59

AR,325,-69,-175

AR,328,-70,179

AL,163,37,-61

AL,165,34,-62

AR,333,-71,163

AR,334,-69,153

AL,168,30,-65

AL,170,26,-69

AR,339,-67,139

AR,340,-65,135

AL,171,25,-70

AL,173,23,-72

AR,344,-62,128

AR,346,-61,124

AL,173,23,-72

AL,173,23,-72

AR,349,-58,119

AR,351,-56,117

AL,172,25,-72

AL,169,29,-71

AR,353,-54,114

AR,354,-53,113

AL,167,31,-70

AL,164,34,-69

AR,356,-52,110

AR,356,-51,110

AL,158,41,-68

AL,154,45,-66

AR,357,-51,108

AR,357,-50,107

AL,147,53,-62

AL,139,61,-53AR,358,-50,106

AR,358,-50,105



AL,136,64,-46

AR,0,-49,103

AR,0,-49,101

AL,126,73,-10

AL,123,74,7

AR,2,-49,98

AR,3,-49,97

AL,116,73,39

AL,113,71,50

AR,5,-48,94

AR,6,-47,93

AL,106,67,59

AL,103,65,59

AR,8,-44,91

AR,10,-42,90

AL,99,65,57

AL,99,66,54

AR,14,-39,87

AR,16,-37,85

AL,103,69,47

AL,107,70,42

AR,20,-33,81

AR,22,-31,79

AL,116,73,27

AL,120,73,18

AR,24,-27,78

AR,25,-25,78

AL,126,73,3

AL,128,72,-3

AR,25,-24,79

AR,25,-22,81

AL,133,70,-13

AL,136,69,-17

AR,23,-22,83

AR,21,-23,85

AL,139,66,-24

AL,140,65,-26

AR,18,-26,86

AR,15,-28,87

AL,142,63,-28

AL,143,63,-30

AR,13,-31,87

AR,7,-36,89

AL,144,62,-32

AL,145,61,-32

AR,4,-40,90

AR,357,-47,94

AL,146,61,-34

AL,146,61,-34

AR,349,-54,100

AR,344,-58,104

AL,146,61,-35

AL,146,60,-36

AR,335,-65,116

AR,330,-67,124

AL,145,60,-38

AL,145,60,-39

AR,325,-70,133

AR,318,-72,153

AL,145,59,-41

AL,145,59,-42

AR,315,-73,162

AR,311,-72,175

AL,145,58,-45

AL,145,58,-46

AR,311,-72,178

AR,314,-72,179

AL,146,56,-50

AL,147,55,-52

AR,315,-72,177

AR,317,-72,174

AL,148,53,-55

AL,149,52,-57

AR,320,-72,166

AR,323,-72,155

AL,150,49,-60

AL,152,47,-61

AR,324,-71,151

AR,324,-70,147

AL,154,44,-63

AL,156,42,-64

AR,324,-68,142

AR,326,-67,139

AL,159,39,-65

AL,160,38,-65

AR,330,-65,133

AR,330,-64,131

AL,160,37,-66

AL,161,37,-67

AR,332,-62,129

AR,333,-62,127

AL,160,38,-67

AL,159,39,-67

AR,335,-60,126

AR,335,-60,126

AL,157,42,-66

AL,155,44,-65

AR,335,-59,126

AR,335,-59,125

AL,151,48,-63

AL,149,50,-61

AR,335,-59,124

AR,335,-59,124

AL,144,55,-56

AL,141,58,-54

AR,335,-59,124

AR,336,-59,124

AL,135,64,-46

AL,132,66,-41

AR,336,-59,123

AR,336,-59,123

AL,126,70,-26

AL,123,72,-17

AR,337,-59,123

AR,337,-59,123

AL,117,73,3

AL,114,73,12

AR,338,-59,123

AR,339,-59,122

AL,109,72,27

AL,106,71,32

AR,340,-59,121

AR,340,-58,121

AL,99,68,37

AL,96,67,38

AR,341,-58,120

AR,341,-57,119

AL,90,65,37

AL,86,65,35

AR,343,-56,118

AR,344,-56,117

AL,81,64,31

AL,79,63,29

AR,346,-55,115

AR,347,-54,113

AL,77,64,25

AL,77,64,24

AR,349,-52,111

AR,350,-51,110

AL,80,65,23

AL,81,65,23

AR,353,-49,107

AR,355,-48,105

AL,83,66,21

AL,84,66,20

AR,359,-46,100

AR,1,-44,98

AL,85,67,17

AL,86,67,15

AL,87,67,13

AL,87,67,12

AR,5,-42,92

AR,6,-41,89

AL,88,67,9

AL,88,67,8

AR,2,-35,95

AR,0,-34,97

AL,89,68,6

AL,89,68,6

AR,356,-33,100

AR,355,-33,100

AL,89,68,5

AL,89,68,4

AR,350,-35,98

AR,348,-36,97

AL,89,68,4

AL,88,69,4

AR,342,-39,96

AR,338,-41,95

AL,88,69,5

AL,87,69,5

AR,330,-46,96

AR,325,-48,96

AL,87,70,5

AL,86,70,5

AR,315,-53,99

AR,310,-55,100

AL,86,70,4

AL,85,70,4

AR,299,-60,104

AR,293,-63,107

AL,85,71,3

AL,85,71,3

AR,280,-67,114

AR,273,-69,118

AR,258,-72,128

AR,250,-73,134

AL,84,71,2

AL,84,71,0

AR,235,-76,143

AR,230,-77,146

AL,84,72,-4

AL,84,72,-6

AR,221,-79,150

AR,218,-79,150

AL,85,72,-7

AL,85,72,-10

AR,214,-79,147

AR,214,-79,145

AL,85,72,-11

AL,85,72,-13

AR,213,-78,144

AR,213,-78,145

AL,84,72,-15

AL,83,72,-17

AR,212,-77,145

AR,212,-77,146

AL,83,73,-19

AL,81,73,-21

AR,211,-76,148

AR,211,-76,150

AL,80,73,-22

AL,78,73,-23

AR,209,-76,152

AR,208,-76,153

AL,75,73,-24

AL,71,73,-24

AL,66,73,-23

AL,62,73,-22

AR,208,-75,153

AR,207,-75,153

AL,59,73,-21

AL,56,73,-20

AR,205,-75,156

AR,204,-75,156

AL,48,72,-19

AL,44,72,-19

AR,202,-75,158

AR,202,-75,159

AL,36,72,-19

AL,32,72,-20

AR,199,-75,161

AR,199,-75,161

AR,197,-75,163

AR,197,-75,164

AL,24,72,-21

AL,18,72,-21

AR,194,-75,165

AR,194,-75,166

AL,7,71,-21

AL,5,72,-20

AR,193,-75,167

AR,192,-75,167

AL,0,72,-18

AL,357,72,-17

AR,191,-74,168

AR,190,-74,168

AL,352,73,-14

AL,350,73,-13

AR,189,-74,168

AR,189,-74,168

AL,345,74,-9

AL,342,74,-6

AR,189,-75,167

AR,189,-75,166

AL,338,75,-2

AL,336,75,0

AR,189,-75,164

AR,189,-75,162

AL,332,75,5

AL,330,75,7

AL,327,75,11AR,191,-76,158

AR,190,-76,156



AL,323,75,16

AL,322,74,17

AR,192,-77,143

AR,192,-77,140

AL,321,74,18

AL,321,74,17

AR,193,-77,133

AR,193,-77,129

AL,322,74,12

AL,322,74,10

AR,193,-77,120

AR,193,-77,116

AL,324,73,7

AR,195,-76,106

AR,195,-76,101

AL,325,73,5

AL,326,73,2

AR,197,-74,91

AR,198,-73,87

AL,328,72,-1

AL,328,72,-2

AR,199,-71,80

AR,200,-69,78

AL,328,71,-4

AL,328,71,-5

AR,200,-68,75

AR,200,-65,73

AL,328,70,-6

AL,328,70,-7

AR,199,-63,73

AR,198,-60,74

AL,328,69,-8

AL,328,69,-9

AR,195,-57,75

AR,194,-56,77

AL,329,68,-10

AL,329,68,-10

AR,192,-55,79

AR,189,-54,83

AL,330,68,-11

AL,331,68,-12

AR,187,-54,83

AR,184,-54,84

AL,331,68,-12

AL,332,67,-13

AR,183,-55,84

AR,179,-58,84

AL,332,67,-14

AL,332,67,-14

AL,333,67,-15

AL,333,66,-15

AR,175,-61,84AL,333,66,-16

AL,334,66,-16



AR,172,-63,85

AR,159,-71,95

AL,334,65,-17

AL,334,65,-17

AR,147,-78,110

AR,140,-81,127

AL,334,64,-18

AL,334,64,-19

AR,136,-82,138

AR,133,-83,176

AL,334,63,-20

AL,334,63,-21

AR,128,-83,-179

AR,126,-83,-178

AL,334,62,-22

AL,334,61,-23

AR,123,-82,-148

AR,121,-81,-142

AL,335,61,-25

AL,335,60,-26

AR,119,-80,-136

AR,117,-79,-134

AL,336,59,-28

AL,336,58,-29

AR,117,-79,-134

AR,117,-79,-134

AL,337,57,-32

AL,338,56,-33

AR,118,-79,-138

AR,120,-80,-142

AL,339,55,-36

AL,340,53,-38

AR,124,-81,-161

AR,127,-82,-173

AL,341,51,-42

AL,342,49,-44

AR,132,-82,160

AR,133,-82,151AL,344,46,-48

AL,345,45,-50



AR,134,-80,134

AR,135,-80,126

AL,347,41,-55

AL,349,39,-56

AR,136,-78,115

AR,136,-77,113

AL,353,34,-57

AL,355,31,-57

AR,136,-75,110

AR,137,-74,109

AL,357,28,-59

AL,357,27,-60

AR,139,-72,105

AR,139,-71,104

AL,356,26,-62

AL,355,27,-62

AR,141,-69,103

AR,142,-69,102

AL,353,29,-63

AL,351,30,-63

AR,143,-68,102

AR,143,-67,102

AL,346,35,-62

AL,344,38,-61

AR,143,-67,101

AR,143,-67,101

AL,338,44,-58

AL,335,48,-57

AR,144,-66,100

AR,145,-66,100

AL,328,55,-52

AL,325,59,-48

AR,146,-66,99

AR,147,-65,98

AL,318,67,-38

AL,314,70,-30

AR,149,-65,95

AR,150,-65,94

AL,309,75,-8

AL,307,76,4

AR,152,-64,91

AR,153,-63,89

AL,305,76,16

AL,301,75,29

AR,156,-62,86

AR,157,-60,86

AL,299,74,29

AL,299,74,25

AR,161,-55,84

AR,164,-53,83

AL,303,73,11

AL,305,73,2

AR,170,-47,79

AR,173,-44,78

AL,309,71,-8

AL,313,69,-11

AR,177,-40,75

AR,179,-38,73

AL,317,66,-18

AL,319,65,-22

AR,181,-35,72

AR,181,-34,72

AL,323,63,-26

AL,324,62,-28

AR,181,-34,74

AR,180,-35,75

AL,325,61,-30

AL,326,59,-32

AR,176,-38,78

AR,173,-40,80

AL,327,59,-33

AL,328,58,-35

AR,167,-46,83

AR,164,-49,85

AL,328,58,-36

AL,328,57,-38

AR,157,-57,88

AR,153,-61,91

AL,328,57,-39

AL,328,57,-41

AR,144,-69,101

AR,138,-73,111

AL,328,56,-43

AL,328,56,-45

AR,127,-78,147

AR,120,-78,173

AL,327,56,-47

AL,327,56,-50

AR,110,-74,-153

AR,107,-72,-145

AL,327,55,-51

AL,330,53,-53

AR,107,-68,-142

AR,109,-67,-143

AL,332,50,-54

AL,338,45,-55

AR,114,-67,-149

AR,117,-68,-153

AR,121,-71,-166

AR,124,-71,-174

AL,341,42,-56

AL,343,40,-58

AL,351,29,-65

AL,352,27,-66

AR,128,-72,172

AR,129,-72,166

AL,353,27,-67

AL,353,27,-67

AR,137,-69,141

AL,352,28,-68

AL,351,29,-68

AR,139,-69,138

AR,142,-68,133

AL,349,34,-67

AL,347,37,-67

AR,145,-67,127

AR,146,-66,125

AL,342,44,-66

AL,338,48,-65

AR,148,-66,121

AR,149,-66,119

AL,331,57,-62

AL,327,61,-57

AR,152,-65,115

AR,153,-65,112

AL,321,69,-42

AL,317,73,-30

AR,156,-65,107

AR,158,-65,105

AL,312,76,4

AL,310,76,21

AR,159,-64,102

AR,160,-62,102

AL,303,73,43

AR,162,-57,99

AR,165,-54,97

AL,301,72,47

AL,298,71,46

AR,173,-48,92

AR,177,-45,90

AL,302,73,29

AL,307,73,19

AR,183,-38,86

AR,186,-35,85

AL,316,71,-1AR,191,-30,84

AR,193,-28,83



AL,319,69,-7

AL,326,66,-17

AR,195,-25,83

AR,195,-25,83

AL,333,61,-26

AL,334,60,-27

AR,193,-26,84

AR,191,-27,84

AL,336,58,-29

AL,336,57,-30

AR,187,-32,86

AR,184,-35,86

AL,336,55,-32

AL,336,55,-33

AR,177,-42,87

AR,173,-47,87

AL,336,54,-36

AL,336,54,-37

AR,165,-56,88

AR,162,-61,89

AL,335,54,-40

AL,334,54,-41

AR,153,-71,98

AR,148,-76,110

AL,332,54,-44

AL,331,55,-45

AR,139,-80,161

AR,133,-78,-171

AL,331,54,-46

AL,333,52,-47

AR,126,-75,-153

AR,112,-68,-136

AL,338,48,-49

AL,340,46,-50

AR,109,-65,-133

AR,108,-61,-132

AL,345,40,-54

AL,348,38,-55

AR,109,-61,-133

AR,114,-63,-137

AL,353,32,-57

AL,355,29,-59

AR,117,-64,-139

AR,120,-69,-148

AL,358,25,-62

AL,359,23,-63

AR,121,-71,-157

AR,128,-74,-173

AL,1,20,-66

AL,1,19,-66

AR,129,-74,178

AR,132,-75,160

AL,3,18,-67

AL,3,18,-67

AR,134,-74,153

AR,138,-73,142

AL,1,21,-67

AL,359,23,-67

AR,139,-73,138

AR,141,-72,134

AL,354,28,-66

AL,351,32,-66

AR,143,-71,128

AR,146,-71,123

AL,343,40,-66

AL,338,44,-65

AR,147,-71,121

AR,148,-70,118

AR,150,-70,113

AR,151,-70,110

AL,329,54,-59

AL,324,58,-55

AR,153,-70,105

AR,154,-70,102

AL,305,74,7

AL,301,73,24

AR,156,-69,97

AR,156,-68,96

AR,158,-63,94

AL,294,70,47

AL,291,69,51

AR,166,-54,89

AR,169,-51,86

AL,290,70,43

AL,293,71,36

AR,175,-45,81

AR,178,-43,80

AL,304,72,14

AL,306,71,4

AR,183,-37,77

AR,185,-35,76

AL,313,68,-10

AL,318,67,-14

AR,187,-32,76

AR,187,-31,76

AL,323,64,-22

AL,325,62,-25

AR,186,-30,78

AR,185,-31,78

AL,328,59,-28

AL,329,58,-30

AR,181,-34,80

AR,178,-36,80

AL,331,56,-32

AL,331,55,-33

AR,173,-43,80

AR,170,-47,80

AL,331,54,-35

AL,331,54,-36

AR,164,-55,81

AR,160,-60,83

AL,331,53,-38

AL,332,53,-40

AR,151,-70,91

AR,146,-74,100

AL,332,52,-43

AL,331,52,-44

AR,133,-80,144

AR,126,-80,175

AL,331,52,-47

AL,331,51,-49

AR,113,-74,-146

AR,108,-71,-138

AL,334,49,-50

AL,337,47,-50

AR,104,-65,-133

AR,104,-64,-134

AL,343,42,-51

AL,345,40,-52

AR,109,-62,-138

AR,111,-63,-140

AL,349,35,-56

AL,350,33,-58

AR,115,-65,-145

AR,117,-66,-149

AL,352,30,-62

AL,353,28,-64

AR,120,-70,-163

AR,123,-71,-168

AL,354,27,-66

AL,355,25,-69

AR,125,-72,178

AR,128,-72,171

AL,355,24,-69

AL,355,25,-70

AR,131,-72,159

AR,133,-72,154

AL,355,27,-70

AL,354,28,-70

AR,137,-71,147

AR,138,-71,144

AL,352,30,-69

AL,348,36,-69

AR,141,-70,139

AR,142,-70,137

AL,345,39,-69

AL,338,47,-69

AR,144,-70,132

AR,145,-70,130

AL,334,51,-68

AL,326,60,-63

AR,147,-70,125

AR,148,-70,122

AL,319,68,-49

AL,316,71,-38

AR,151,-70,117

AR,152,-70,114

AL,314,74,-24AR,154,-70,108

AR,155,-69,106



AL,309,76,10

AL,306,76,26

AR,156,-65,103

AR,158,-63,101

AL,298,72,48

AL,295,71,47

AR,162,-57,96

AR,166,-55,94

AL,296,72,43

AL,297,72,38

AR,173,-49,87

AR,176,-47,85

AL,305,73,18

AL,308,73,7

AR,180,-42,81

AR,182,-40,81

AL,315,70,-8

AL,319,69,-13

AR,184,-38,79

AR,184,-37,79

AR,184,-37,80

AR,183,-37,80

AL,325,66,-22

AL,327,64,-24

AR,180,-41,80

AR,178,-43,81

AL,332,58,-31

AL,333,57,-32

AR,173,-49,83

AR,170,-53,84

AL,333,56,-34

AL,333,56,-35

AR,164,-60,87

AR,160,-65,90

AL,332,56,-37

AL,332,55,-38

AR,152,-73,103

AR,146,-77,117

AL,331,55,-41

AL,331,55,-43

AR,134,-80,169

AL,330,54,-47

AL,330,54,-49

AR,128,-78,-166

AR,117,-72,-140

AL,330,53,-52

AL,331,52,-53

AR,107,-64,-131

AR,107,-63,-131

AL,337,47,-54AR,111,-62,-135

AR,113,-63,-137



AL,341,44,-54

AL,347,39,-56

AR,116,-67,-142

AR,117,-69,-147

AL,352,31,-61

AL,354,29,-63

AR,120,-72,-159

AR,123,-73,-168

AL,356,25,-66

AL,357,24,-67

AR,126,-75,175

AR,128,-75,167

AL,359,22,-68

AL,359,22,-68

AR,132,-74,154

AR,135,-73,148

AL,358,22,-68

AL,357,24,-68

AR,138,-72,140

AR,139,-72,137

AL,354,28,-67

AL,352,30,-67

AR,141,-72,132

AR,141,-71,130

AL,345,37,-67

AL,342,40,-67

AR,142,-71,128

AR,144,-71,124

AL,333,48,-64

AL,329,53,-62

AR,146,-71,119

AR,147,-70,117

AL,320,61,-53

AL,317,65,-46

AR,150,-70,112

AR,151,-70,109

AL,310,71,-24

AL,308,72,-10

AR,153,-69,103

AR,154,-68,101

AL,303,73,19

AL,301,72,30

AR,155,-67,100

AR,157,-63,98

AL,297,70,42AR,161,-58,94

AR,165,-55,92



AL,296,70,41

AL,296,70,36

AR,172,-50,86

AR,175,-47,83

AL,308,71,10

AL,311,70,2

AR,178,-45,81

AR,182,-41,78

AL,317,68,-10

AL,321,66,-15

AR,183,-39,77

AR,185,-37,76

AR,185,-37,76

AR,184,-37,76

AL,325,63,-22

AL,327,61,-24

AR,183,-39,76

AR,179,-43,78

AL,331,56,-31

AL,331,56,-32

AR,176,-45,79

AR,171,-52,82

AL,331,55,-34

AL,331,55,-35

AR,167,-56,83

AR,164,-60,85

AL,330,55,-37

AL,330,54,-39

AR,156,-69,93

AR,145,-77,116

AL,329,54,-42

AL,328,54,-44

AR,139,-80,140

AR,132,-80,172

AL,327,54,-48

AL,327,54,-49

AR,119,-75,-146

AR,114,-71,-137

AL,329,52,-51

AL,332,50,-51

AR,105,-64,-129AL,339,44,-52

AL,342,42,-53



AR,104,-60,-130

AR,106,-60,-132

AL,347,36,-56

AL,349,34,-58

AR,113,-62,-137

AR,115,-66,-142

AL,353,29,-61

AL,354,27,-63

AR,116,-68,-147

AR,117,-70,-154

AL,356,23,-65

AL,357,22,-66

AR,123,-74,-165

AR,125,-75,-174

AL,359,21,-67

AL,359,21,-68

AR,129,-74,168

AR,131,-74,161

AL,358,22,-68

AL,357,24,-67

AR,135,-73,150

AR,136,-73,146

AL,353,28,-67

AL,351,31,-66

AR,139,-72,140

AR,140,-72,137

AL,344,38,-66

AL,340,43,-66

AR,142,-72,133

AR,143,-72,130

AL,331,51,-64

AL,326,56,-61

AR,145,-71,126

AR,147,-71,123

AL,317,65,-50

AL,313,68,-41

AR,149,-71,118

AR,150,-71,115

AL,307,73,-13

AL,305,74,4

AR,153,-71,110

AR,154,-70,107

AL,299,73,33

AL,296,72,42

AR,156,-69,101

AR,157,-67,100

AL,293,70,49

AL,292,70,49

AR,159,-63,96

AR,162,-60,94

AL,293,71,44

AL,296,71,37

AR,168,-55,90

AR,171,-52,87

AL,307,73,14

AL,309,72,4

AL,315,70,-9

AL,319,68,-14

AR,177,-47,81

AR,180,-45,78

AL,323,65,-22

AR,184,-38,75

AR,183,-37,76

AL,325,63,-24

AL,327,61,-27

AR,180,-39,77

AR,179,-41,78

AL,329,58,-31

AL,330,57,-32

AR,173,-46,80

AR,170,-50,81

AL,330,57,-34

AL,330,56,-35

AR,164,-58,83

AR,161,-62,85

AL,329,56,-36

AL,329,56,-39

AR,153,-72,94

AR,149,-76,105

AL,329,55,-40AR,137,-81,156



AL,328,55,-43

AL,327,54,-49

AR,130,-79,-173

AR,106,-63,-129

AL,330,51,-52

AL,336,47,-53

AR,110,-61,-133

AR,113,-62,-135

AL,340,44,-53

AL,342,41,-54

AR,118,-65,-141

AR,120,-67,-145

AL,347,36,-57

AL,350,32,-60

AR,124,-72,-157

AR,126,-73,-163

AL,352,30,-62

AL,353,28,-63

AR,128,-74,-179

AR,130,-75,171

AL,355,25,-65

AL,356,24,-67

AR,134,-74,156

AR,136,-74,150

AL,356,24,-67

AL,354,26,-68

AR,140,-73,140

AR,141,-72,137

AL,353,27,-68

AL,351,29,-68

AR,143,-72,132

AR,143,-71,129

AL,346,35,-67

AL,342,38,-67

AR,145,-71,125

AR,146,-71,123

AL,334,45,-66

AL,330,49,-64

AR,147,-70,119

AR,148,-70,117

AL,321,57,-57

AL,317,61,-52

AR,150,-70,113

AR,152,-70,111

AL,309,68,-33

AL,306,70,-21

AR,154,-70,106

AR,155,-71,103

AL,299,72,9

AL,295,72,24

AR,156,-69,99

AR,156,-68,98

AL,289,69,44

AL,284,66,51

AR,159,-64,95

AR,161,-62,93

AL,283,66,50

AL,282,66,49

AR,167,-57,89

AR,170,-54,86

AL,286,67,43

AL,289,69,39

AR,177,-49,79

AR,180,-47,77

AL,299,70,23

AL,302,70,14

AR,185,-42,74

AR,186,-40,73

AL,308,68,0

AL,312,68,-4

AR,187,-37,73

AR,187,-35,73

AL,318,65,-14

AL,320,64,-17

AR,186,-35,75

AR,184,-35,75

AL,323,61,-21

AL,324,60,-23

AL,325,59,-26

AL,326,58,-26

AR,179,-38,77

AR,177,-40,77

AL,326,58,-28

AL,326,58,-29

AR,162,-57,77

AR,159,-61,77

AL,325,57,-31

AL,324,57,-32

AR,150,-70,81

AR,145,-75,86

AL,323,57,-35

AL,322,57,-36

AR,134,-83,174

AR,128,-84,179

AL,321,57,-39

AL,320,58,-40

AR,116,-78,-134

AR,110,-74,-127

AL,320,57,-43

AL,321,56,-44

AR,103,-67,-122

AR,102,-65,-122

AL,326,52,-46

AL,328,50,-49

AR,104,-63,-124

AR,106,-63,-125AL,332,45,-54

AL,334,43,-56



AR,109,-66,-127

AR,112,-68,-129

AL,339,38,-59

AL,341,35,-60

AR,115,-74,-136

AR,116,-76,-143

AL,345,31,-62

AL,346,29,-63

AR,118,-77,-151

AR,122,-79,-172

AL,348,26,-65

AL,349,25,-66

AR,126,-79,164

AR,127,-79,153

AL,349,24,-67

AL,349,25,-67

AR,130,-78,138

AR,132,-77,133

AL,347,27,-68

AL,345,29,-68

AL,341,34,-68

AL,338,37,-68

AR,133,-76,129

AR,134,-75,122

AL,331,44,-66

AL,327,47,-65

AR,136,-74,114

AR,137,-74,111

AL,319,55,-60

AL,315,59,-55

AR,137,-74,109

AR,138,-73,106

AL,308,66,-42

AR,139,-73,104

AR,140,-73,102

AL,305,69,-32

AL,298,74,-5

AR,141,-73,98

AR,143,-72,94

AL,288,73,36

AL,284,71,45

AR,145,-72,91

AR,148,-70,87

AL,279,69,52

AL,277,68,52

AR,150,-68,85

AR,152,-66,83

AL,276,69,48

AR,156,-61,81

AR,161,-57,77

AL,277,69,44

AL,283,72,32

AR,163,-55,76

AR,166,-52,74

AL,292,72,10

AL,295,72,4

AR,169,-48,72

AR,170,-47,71

AL,299,70,-5

AL,301,69,-9

AR,171,-44,71

AR,171,-43,71

AL,306,67,-16

AL,308,66,-18

AR,169,-43,71

AR,166,-44,71

AL,310,64,-21

AL,311,64,-22

AR,163,-46,73

AR,160,-48,73

AL,312,63,-24

AL,312,63,-24

AR,155,-52,75

AR,152,-55,76

AL,313,63,-25

AL,313,63,-25

AR,145,-62,77

AR,141,-65,78

AL,313,63,-25

AL,312,63,-26

AR,132,-73,83

AR,128,-77,88

AL,311,63,-26

AL,310,63,-26

AR,117,-84,175

AR,111,-85,179

AL,309,63,-27

AL,309,63,-28

AR,100,-79,-130

AR,96,-76,-123

AL,308,63,-29

AL,308,63,-30

AR,89,-69,-117

AR,88,-67,-117

AL,308,62,-32

AL,309,62,-34

AR,87,-64,-119

AR,88,-63,-120

AL,310,60,-37

AL,310,59,-39

AR,91,-64,-123

AR,93,-64,-124

AL,312,57,-42

AR,96,-67,-127

AR,97,-69,-128

AL,313,55,-44

AL,314,52,-49

AR,99,-72,-132

AR,100,-73,-134

AL,317,47,-55

AL,318,45,-57

AR,100,-75,-140

AR,102,-76,-144

AL,321,41,-59

AL,322,40,-59

AR,105,-78,-154

AR,105,-78,-159

AL,324,38,-60

AL,325,36,-61

AR,108,-79,-170

AR,109,-79,-173

AL,325,36,-62

AL,324,36,-63

AR,109,-79,-178

AR,110,-79,179

AL,323,38,-64

AL,322,39,-64

AR,110,-80,177

AR,110,-80,177

AL,321,41,-64

AL,320,43,-64

AR,110,-80,177

AR,110,-80,178

AL,317,47,-63

AL,313,51,-60

AR,111,-80,-179

AR,111,-80,-178

AL,311,54,-58

AL,306,59,-53

AR,112,-80,-176

AR,112,-80,-175

AL,303,61,-50

AL,297,66,-41

AR,113,-80,-175

AR,113,-81,-175

AL,295,68,-35

AL,289,71,-20

AR,114,-81,-176

AR,114,-81,-177

AL,286,72,-11

AL,283,73,-3

AR,115,-81,178

AR,115,-82,175

AL,276,73,12

AL,272,72,19

AR,116,-82,168

AR,117,-82,163

AL,265,70,27

AL,261,69,29

AR,118,-82,152

AR,118,-82,146

AL,253,67,30

AL,249,66,29

AR,119,-82,133

AR,120,-81,128

AR,121,-80,117

AR,122,-80,113

AL,242,64,27

AL,239,64,25

AR,121,-78,106

AR,122,-77,102

AL,234,63,16

AL,234,63,15

AL,236,63,14

AL,237,64,13

AR,123,-75,96AL,239,64,12

AL,240,64,11



AR,124,-74,93

AL,241,64,9

AL,241,64,8

AR,132,-63,74

AR,132,-61,73

AL,242,64,6

AL,242,64,5

AR,132,-59,72

AR,131,-58,72

AL,243,64,3

AL,243,64,2

AR,128,-55,73

AR,127,-55,72

AL,243,64,1

AL,244,64,1

AR,123,-54,69

AR,122,-54,68

AL,244,64,1

AL,243,64,1

AR,118,-53,64

AR,116,-53,62

AL,243,64,1

AL,243,64,1

AR,110,-53,59

AR,108,-53,58

AL,242,64,1

AL,242,64,1

AR,101,-54,56

AR,97,-54,55

AL,241,64,2

AL,240,64,2

AR,90,-55,55

AR,86,-55,55

AL,239,64,2

AL,239,64,2

AR,77,-56,56

AR,73,-57,56

AL,238,64,2

AL,238,64,2

AR,66,-58,55

AR,62,-59,55

AL,237,64,2

AL,237,64,2

AR,54,-61,54

AR,50,-61,55

AL,236,64,1

AL,235,64,1

AR,41,-63,56

AR,36,-64,58

AL,235,64,0

AL,234,64,0

AR,26,-66,62

AR,22,-66,64

AL,233,64,0

AL,233,64,-1

AR,14,-68,68

AR,10,-69,69

AL,232,64,-2

AL,231,64,-2

AR,5,-71,70

AR,3,-71,71

AL,230,63,-3

AL,229,63,-4

AL,228,63,-5

AL,227,63,-5

AR,0,-73,72

AR,358,-73,73

AL,226,62,-6

AL,226,62,-6

AR,350,-74,82

AR,348,-74,84

AL,224,62,-7

AL,224,62,-7

AR,348,-74,85

AR,347,-73,87

AL,223,61,-8

AL,222,61,-9

AR,347,-72,88

AL,221,60,-10

AL,220,60,-11

AR,348,-70,90

AR,348,-69,91

AL,218,59,-14

AL,216,59,-15

AR,348,-68,93

AR,348,-67,92

AL,213,58,-19

AL,211,57,-21

AR,349,-66,93

AR,349,-66,93

AL,207,56,-25

AL,205,55,-28

AR,349,-66,94

AR,349,-65,95

AL,200,54,-31

AL,198,53,-33

AR,349,-65,95

AR,348,-65,95

AL,194,53,-36

AL,191,52,-38

AR,348,-64,96

AR,348,-64,96

AL,186,52,-41

AL,183,52,-42

AR,347,-64,97

AR,347,-64,97

AL,178,53,-44

AL,175,53,-45

AR,347,-64,97

AR,347,-64,97

AL,169,54,-47

AL,166,55,-48

AR,347,-64,97

AR,347,-64,97

AL,161,57,-48

AL,158,58,-47

AR,347,-64,97

AR,346,-64,97

AL,154,60,-45

AL,152,61,-44

AR,346,-63,97

AR,346,-63,97

AL,148,64,-42

AL,145,65,-40

AR,346,-62,97

AR,345,-62,97

AL,140,68,-36

AL,138,70,-33

AR,345,-61,96

AR,345,-61,96

AL,133,73,-26

AL,130,74,-21

AR,344,-60,95

AR,344,-60,95

AL,125,76,-8

AL,123,76,-1

AR,344,-59,95

AR,344,-58,95

AL,119,77,13

AL,116,77,20

AR,343,-57,94

AR,343,-57,94

AL,113,76,33

AL,111,76,38

AR,343,-56,93

AR,342,-56,93

AL,108,74,46

AL,107,74,50

AL,105,73,55

AL,104,73,57

AR,342,-55,92

AR,343,-54,91

AL,102,72,60

AL,102,72,61

AR,343,-52,89

AR,343,-52,89

AL,102,72,62

AL,102,72,63

AR,342,-51,88

AR,343,-50,87

AL,104,73,63

AL,104,73,62

AR,343,-49,86

AR,343,-49,85

AL,105,74,61

AL,107,75,55

AR,344,-48,83

AR,344,-47,82

AL,108,76,51

AL,110,77,36

AR,345,-46,80

AR,345,-46,79

AL,111,77,28

AL,112,78,20

AR,346,-45,77

AR,346,-44,76

AL,115,77,7

AL,119,76,-3

AR,346,-42,75

AR,347,-41,74

AL,121,75,-8

AL,123,73,-16

AR,349,-37,74

AR,350,-36,73

AL,124,72,-19

AL,126,70,-24

AR,353,-32,71

AR,354,-29,70

AL,127,69,-26

AL,128,68,-28

AR,357,-24,73

AR,358,-21,75

AL,130,66,-30

AL,131,64,-32

AR,0,-17,77

AR,1,-15,78

AL,132,63,-33

AL,133,61,-35

AR,2,-13,78

AR,2,-13,78

AL,133,61,-35

AL,134,60,-36

AR,2,-12,76

AR,1,-13,76

AL,135,59,-37

AL,137,58,-38

AR,0,-15,76

AR,359,-16,76

AL,137,57,-38

AL,138,56,-39

AR,357,-20,79

AR,355,-23,81

AL,138,56,-39

AL,138,56,-39

AR,350,-28,85

AR,347,-32,88

AL,138,55,-40

AL,137,55,-40

AR,340,-38,94

AR,336,-42,98

AL,137,55,-42

AL,136,55,-43

AR,326,-49,107

AR,321,-52,111

AL,135,55,-46

AL,133,56,-48

AR,313,-59,121

AR,309,-61,128

AL,131,56,-51

AL,130,57,-52

AR,302,-64,141

AR,300,-64,147

AL,132,55,-52

AL,135,53,-51

AR,302,-64,153

AR,305,-63,152

AL,141,48,-53

AL,144,45,-54

AR,311,-63,148

AR,313,-62,145

AL,149,39,-58

AL,151,36,-60

AR,315,-58,138

AR,316,-57,135

AL,155,31,-63

AL,157,28,-65

AR,318,-55,130

AR,318,-53,129

AL,160,24,-68

AL,162,22,-69

AR,323,-51,123

AR,324,-49,121

AL,163,20,-71

AL,164,19,-71

AR,326,-47,120

AR,328,-46,118

AL,164,19,-72

AL,163,20,-72

AR,330,-44,116

AR,331,-43,115

AL,161,24,-71

AL,159,26,-71

AR,333,-42,113

AR,334,-42,112

AL,154,32,-70

AL,151,36,-70

AR,335,-41,110

AR,335,-41,109

AL,144,45,-68

AL,140,50,-67

AR,336,-41,107

AR,336,-41,106

AL,131,60,-61

AL,127,65,-56

AR,337,-42,103

AR,337,-42,102

AL,119,73,-37

AL,117,76,-20

AR,338,-43,99

AR,339,-42,99

AL,112,77,19

AL,109,76,36

AR,339,-39,100

AR,341,-37,99

AL,104,73,54

AL,102,72,57

AR,346,-32,96

AR,349,-29,94

AL,100,71,55

AL,101,72,52

AR,355,-23,89

AR,357,-20,88

AL,107,74,38

AL,112,74,24

AR,2,-14,87

AR,4,-11,86

AL,118,73,1

AL,121,72,-6

AR,7,-7,85

AR,8,-6,85

AL,127,69,-17

AL,129,68,-22

AR,8,-4,85

AR,8,-5,85

AL,133,65,-27

AL,134,64,-28

AR,6,-7,85

AR,4,-9,85

AL,135,62,-31

AL,135,61,-33

AR,2,-12,86

AR,358,-18,88

AL,136,60,-35

AL,136,59,-37

AR,352,-26,90

AR,348,-30,91

AL,136,59,-40

AL,135,59,-42

AR,344,-35,93

AR,335,-44,99

AL,134,59,-46

AL,134,59,-48

AR,326,-54,108

AR,326,-54,108

AL,133,59,-51

AL,134,59,-52

AR,318,-62,120

AR,308,-67,141

AL,140,55,-52

AL,144,52,-52

AR,304,-67,152

AR,301,-67,160

AL,150,47,-54

AL,153,43,-55

AR,301,-67,168

AR,304,-67,166

AL,159,37,-57

AL,162,34,-59

AR,306,-67,162

AR,310,-66,153

AL,166,28,-62

AL,167,25,-64

AR,311,-64,146

AR,312,-62,141

AL,168,21,-68

AR,319,-60,131

AR,320,-56,126

AL,168,20,-70

AL,169,19,-72

AR,322,-54,124

AR,324,-53,122

AL,168,20,-72

AL,167,22,-72

AR,328,-50,118

AR,331,-48,116

AL,163,27,-70

AL,161,30,-69

AR,333,-47,114AL,155,37,-67



AR,334,-46,113

AR,338,-44,106

AL,151,41,-66

AL,131,65,-46

AL,120,74,-3

AL,117,75,16

AR,341,-43,101

AR,342,-44,99

AL,111,72,46

AL,107,69,54

AR,343,-39,99AL,103,66,60

AL,102,66,59



AR,345,-36,98

AR,352,-31,93

AL,105,67,55

AL,108,69,51

AR,1,-21,85

AR,4,-18,83

AL,118,71,34

AL,123,72,22

AL,129,70,3

AL,133,69,-3

AR,8,-12,81

AR,10,-10,81

AL,137,66,-14

AL,139,65,-17

AR,13,-3,83

AR,12,-4,84

AL,142,62,-21

AL,143,61,-23

AR,9,-7,86

AR,7,-10,87

AL,143,59,-26

AL,143,58,-27

AR,1,-17,88

AR,357,-21,89

AL,143,57,-30

AL,143,57,-32

AR,349,-30,90

AR,345,-35,91

AL,143,56,-36

AL,143,56,-37

AR,337,-45,94

AR,332,-51,98

AL,142,56,-39

AL,141,56,-41

AR,323,-60,109

AR,318,-64,118

AL,143,55,-42

AL,146,53,-43

AR,307,-68,139

AR,305,-69,148

AL,150,49,-47

AL,152,46,-49

AL,154,44,-52

AL,156,41,-54

AR,305,-70,158

AR,306,-69,158

AL,161,36,-57

AL,164,31,-60

AR,312,-65,137

AR,314,-62,132

AL,165,29,-62

AL,166,27,-64

AR,321,-58,122

AR,321,-56,121

AL,167,24,-67

AL,168,22,-67

AR,324,-52,118

AR,326,-50,116

AL,169,22,-68

AL,168,23,-68

AR,330,-47,113

AR,332,-45,112

AL,167,24,-68

AR,335,-43,109

AR,336,-43,108

AL,165,26,-67

AL,161,32,-66

AR,338,-41,106

AR,339,-41,105

AL,150,43,-65

AL,146,48,-64

AR,341,-39,103

AR,342,-39,102

AL,137,57,-59

AL,132,62,-55

AR,343,-38,99

AR,344,-38,97

AL,124,70,-37

AL,121,73,-23

AR,345,-38,94

AR,345,-37,94

AL,115,76,14

AL,112,75,31

AR,346,-34,96

AR,347,-32,96

AL,106,71,54

AL,103,69,58

AR,352,-26,95

AR,354,-24,93

AL,100,68,59

AL,100,68,58

AR,359,-18,88

AR,2,-15,86

AL,104,70,52

AL,107,71,45

AR,6,-10,84

AR,7,-8,83

AL,116,73,22

AL,119,73,12

AR,10,-4,82

AR,10,-3,83

AL,128,71,-5

AL,131,70,-12

AR,10,-2,84

AR,10,-3,85

AL,135,67,-22

AL,137,65,-24

AR,7,-6,86

AR,5,-9,87

AL,139,63,-28

AL,139,62,-30

AR,0,-15,87

AR,357,-19,87

AL,140,61,-33

AL,140,60,-35

AR,352,-28,87

AR,349,-32,87

AL,139,59,-38

AL,139,59,-40

AR,342,-42,91

AR,337,-47,94

AL,139,58,-43

AL,138,58,-45

AR,327,-57,105

AR,322,-61,112

AL,137,58,-49

AL,136,58,-51

AR,312,-67,129

AR,308,-69,139

AL,139,56,-53

AL,142,54,-53

AR,304,-71,153

AR,305,-71,155

AL,148,49,-56

AL,151,46,-57

AR,308,-71,151

AR,310,-70,146

AL,158,40,-60

AL,160,37,-61

AR,312,-67,135

AR,315,-63,130

AL,165,31,-64

AL,166,29,-65

AR,322,-60,116

AR,322,-58,115

AL,169,26,-66

AL,170,24,-67

AR,326,-53,113

AR,329,-51,112

AL,171,24,-68

AL,170,24,-68

AR,333,-48,109

AR,334,-47,108

AL,168,27,-68

AL,166,29,-68

AR,336,-45,106

AR,337,-44,105

AL,161,35,-66

AL,158,38,-65

AL,150,46,-62

AL,146,50,-60

AR,339,-43,104

AR,340,-42,103

AL,136,59,-53

AL,132,63,-47

AR,344,-41,97

AR,345,-41,95

AL,123,71,-27

AL,119,73,-10

AR,345,-41,94

AR,346,-41,90

AL,113,74,28

AL,110,72,44

AR,347,-39,90

AR,347,-37,91

AL,105,68,62

AL,103,66,65

AR,348,-35,92

AR,350,-32,92

AL,99,65,64

AL,99,65,62

AR,355,-27,90

AL,101,68,55

AL,104,69,51

AR,0,-21,86

AR,2,-19,84

AL,113,72,34

AL,117,73,23

AR,8,-11,80

AR,11,-6,78

AL,124,72,5

AL,127,71,-2

AR,12,-5,78

AR,13,-2,79

AL,133,69,-14

AL,135,67,-17

AR,13,-2,79

AR,11,-3,81

AL,137,64,-22

AL,138,63,-24

AR,9,-5,82

AR,7,-7,83

AL,139,62,-27

AL,140,61,-29

AR,2,-13,85

AR,356,-20,86

AL,139,60,-37

AL,139,59,-39

AR,342,-39,88

AR,338,-43,90

AL,138,59,-43

AL,138,59,-44

AR,328,-53,99

AR,323,-57,106

AL,137,59,-48

AL,137,59,-49

AR,312,-65,122

AR,307,-67,133

AL,141,56,-50

AL,145,54,-51

AR,301,-69,154

AR,302,-69,159

AL,150,50,-53

AL,153,47,-55

AR,309,-69,160

AR,312,-69,157

AL,158,42,-58

AL,161,39,-59

AR,318,-68,147

AR,322,-65,136

AL,165,34,-63

AL,166,32,-64

AL,168,28,-67

AL,169,27,-68

AR,323,-62,131

AR,325,-60,127

AL,171,25,-70

AL,171,25,-70

AR,335,-50,115

AR,337,-49,114

AL,170,27,-70

AL,169,28,-70

AR,341,-46,111

AR,342,-45,110

AL,166,32,-69

AL,164,35,-69

AR,344,-44,108

AR,344,-43,107

AL,158,42,-68

AL,154,46,-67

AR,345,-43,106

AR,345,-42,105

AL,146,55,-64

AL,141,59,-61

AR,346,-42,103

AR,347,-41,102

AL,132,68,-48

AL,128,72,-36

AR,348,-41,98

AR,349,-41,96

AL,125,74,-19

AL,119,75,20

AR,351,-41,92

AR,351,-41,91

AL,113,71,49

AL,109,68,56

AR,351,-38,91

AR,351,-36,93

AL,104,64,62

AL,102,63,61

AR,355,-31,92

AR,358,-28,90

AL,103,64,58

AL,104,65,55

AR,3,-23,84

AR,5,-20,81

AL,107,67,52AR,9,-15,78

AR,11,-13,76



AL,116,70,36

AL,120,71,27

AR,13,-9,75

AR,14,-7,76

AL,131,69,3

AL,136,68,-9

AR,15,-5,78

AR,14,-5,79

AL,138,66,-13

AL,140,65,-15

AR,12,-7,81

AR,11,-9,82

AL,143,63,-20

AL,144,61,-22

AR,6,-14,83

AR,4,-17,83

AL,144,61,-24

AL,143,60,-26

AR,358,-25,83

AR,355,-29,82

AL,143,60,-27

AL,142,60,-28

AR,350,-39,82

AR,346,-44,83

AL,141,60,-32

AL,140,60,-33

AL,139,60,-36

AL,138,60,-38

AR,338,-53,90

AR,333,-58,96

AL,137,61,-41

AL,138,60,-42

AR,306,-72,149

AR,303,-73,160

AL,143,56,-44

AL,145,54,-46

AR,302,-72,171

AR,304,-72,172

AL,150,49,-51

AL,152,47,-54

AR,309,-72,166

AR,310,-72,160

AL,158,41,-57

AL,160,38,-58

AR,313,-71,146

AR,314,-68,138

AL,164,33,-61

AL,166,31,-62

AR,317,-65,128

AR,319,-63,125

AL,167,27,-65

AL,168,25,-66

AR,322,-59,120

AR,324,-57,118

AL,169,24,-67

AL,170,24,-67

AR,327,-54,115

AR,329,-53,114

AL,169,25,-67

AL,168,26,-67

AR,332,-51,111

AR,332,-50,111

AL,164,31,-65

AL,162,34,-64

AR,334,-49,109

AR,334,-49,108

AL,155,40,-63

AL,152,44,-62

AR,336,-48,106

AR,336,-48,105

AL,144,52,-57

AL,140,56,-54

AR,338,-48,102

AR,338,-48,101

AL,132,64,-41

AL,128,68,-32

AR,339,-47,98

AR,340,-47,96

AR,341,-47,93

AR,341,-46,93

AL,121,72,-3

AL,118,73,12

AR,343,-43,94

AR,345,-40,93

AL,102,65,60

AL,100,64,61

AR,350,-36,89

AR,352,-33,86

AL,98,64,59

AL,98,65,57

AR,357,-28,82

AR,359,-25,80

AL,103,67,51

AL,108,69,45

AL,114,72,27

AL,118,72,18

AL,125,71,5

AL,127,70,-1

AR,2,-20,78

AR,4,-18,78

AL,132,68,-11

AL,135,67,-14

AR,5,-11,82

AR,3,-12,83

AL,137,65,-19

AL,138,64,-20

AR,359,-16,84

AR,357,-19,84

AL,140,62,-23

AL,140,62,-24

AR,352,-25,85

AR,349,-29,86

AL,140,61,-26

AL,140,61,-27

AR,343,-37,88

AR,340,-41,90

AL,139,61,-29

AL,139,60,-30

AR,333,-50,95

AR,328,-55,99

AL,138,60,-33

AL,137,60,-35

AR,319,-63,113

AR,314,-66,122

AL,136,60,-38

AL,136,60,-39

AR,305,-70,146

AR,302,-70,158

AL,134,59,-43

AL,134,59,-45

AR,300,-70,167

AR,302,-69,174

AL,136,56,-49

AL,139,54,-51

AR,304,-69,173

AR,306,-69,171

AL,142,50,-54

AL,144,49,-57

AR,308,-70,163

AR,309,-68,149

AL,146,45,-62

AL,147,43,-64

AR,311,-67,141

AR,313,-64,133

AL,149,41,-67

AL,150,40,-68

AR,314,-62,131

AR,318,-59,123

AL,152,39,-68

AL,152,39,-69

AR,320,-58,121

AR,322,-56,119

AL,152,40,-68

AL,151,41,-68

AR,325,-54,116

AR,328,-52,114

AL,149,44,-68

AL,147,46,-68

AR,329,-51,113

AR,330,-50,111AL,142,51,-67

AL,139,54,-65



AR,331,-49,111

AR,331,-49,110

AL,133,61,-61

AL,130,64,-57

AR,331,-49,110

AR,332,-48,109

AL,124,70,-45AR,333,-48,108

AR,333,-48,108



AL,122,72,-34

AL,118,76,-5

AR,334,-47,107

AR,334,-47,106

AL,112,74,43

AL,111,72,55

AR,335,-47,105

AR,335,-47,105

AL,107,68,69

AL,105,66,73

AR,336,-46,103

AR,337,-46,103

AL,101,63,76

AL,99,62,75

AR,338,-45,101

AR,340,-44,99

AL,98,63,73

AL,99,63,72

AR,341,-43,97

AR,343,-42,96

AL,103,67,68

AL,106,69,66

AR,346,-40,93

AR,348,-39,92

AL,111,72,57

AL,114,73,52

AR,352,-35,89

AR,354,-34,88

AL,119,75,41

AL,121,75,34

AR,358,-30,84

AR,0,-28,83

AL,124,75,21

AL,126,75,15

AL,129,74,7

AL,129,73,4

AR,2,-25,81

AR,3,-24,81

AL,131,73,0

AL,132,72,-1

AR,4,-21,81

AR,3,-22,80

AL,132,72,-3

AL,133,72,-3

AR,1,-24,80

AR,0,-25,81

AL,133,72,-4

AL,133,72,-4

AR,357,-29,82

AR,355,-31,83

AL,133,72,-4

AL,132,72,-3

AR,350,-36,86

AR,348,-39,87

AL,131,72,-3

AL,130,72,-2

AR,342,-45,91

AR,339,-48,93

AL,129,72,-2

AL,127,72,-2

AR,332,-55,98

AR,328,-58,102

AL,127,72,-2

AL,126,72,-2

AR,319,-64,113

AR,315,-66,119

AL,126,72,-3

AL,126,71,-4

AR,307,-70,133

AR,305,-71,140

AL,127,71,-6

AL,127,71,-9

AR,303,-73,154

AR,303,-73,159

AL,128,70,-10

AL,129,70,-14

AR,306,-73,165

AR,308,-72,166

AL,130,69,-16

AL,131,68,-19

AR,314,-72,165

AR,317,-72,163

AL,132,68,-21

AL,134,66,-25

AR,324,-72,156

AR,327,-71,152

AL,136,66,-27

AL,137,65,-29

AR,331,-71,144

AR,331,-70,142

AR,330,-69,139

AR,329,-69,137

AL,139,63,-34

AL,140,61,-38

AR,331,-68,134

AR,331,-67,132

AL,143,56,-50

AL,143,55,-53

AR,332,-66,129

AR,332,-66,128

AL,144,53,-58

AL,145,52,-59

AL,150,49,-59

AL,152,47,-59

AR,333,-65,126

AR,334,-65,125

AL,155,46,-59

AL,156,46,-59

AR,336,-63,121

AR,336,-63,121

AL,155,47,-61

AL,155,48,-62

AR,336,-63,120

AR,336,-63,120

AL,154,50,-63

AL,154,51,-63

AR,336,-63,120

AR,336,-63,120

AL,152,54,-64

AL,151,56,-64

AR,336,-63,119

AR,336,-63,119

AR,337,-63,119

AR,337,-63,118

AL,150,61,-63

AL,149,63,-62

AR,337,-64,118

AR,337,-64,118

AL,144,75,-48

AL,143,77,-42

AR,337,-64,118

AR,337,-64,118AL,143,81,-22

AL,143,83,0



AR,338,-63,117

AR,338,-63,117AL,146,83,3

AL,148,83,5



AR,338,-63,117

AR,339,-63,116

AL,152,81,79

AL,154,80,87

AR,339,-63,116

AR,339,-62,115

AL,157,78,99

AL,158,77,102

AR,340,-62,114

AR,341,-62,114

AL,158,76,105

AL,158,75,105

AR,341,-61,112

AL,157,74,104

AL,156,74,104

AR,342,-61,111

AR,343,-60,110

AL,156,74,102

AL,156,75,101

AL,156,75,98

AL,157,76,97

AR,345,-59,107

AR,346,-59,106

AL,157,77,92

AL,158,77,90

AR,349,-56,100

AR,350,-55,99

AR,352,-54,96

AR,353,-53,95

AL,161,79,86

AL,162,79,83

AR,356,-51,93

AR,357,-50,91

AL,164,81,70

AL,165,81,68

AR,0,-48,89

AR,1,-47,88

AL,165,81,63

AL,166,81,61

AR,4,-44,86

AR,6,-43,85

AL,166,80,58

AL,166,80,56

AR,8,-41,84

AR,9,-40,84

AL,167,80,53

AL,167,80,51

AR,12,-38,83

AR,13,-38,82

AL,167,80,48

AL,167,80,47

AR,15,-37,80

AR,16,-37,80

AL,167,80,45

AL,167,80,44

AR,17,-36,79

AR,17,-36,79

AL,167,79,39

AL,167,79,36

AR,18,-37,78

AR,19,-37,78

AL,168,78,31

AL,168,78,30

AR,19,-38,77

AR,19,-39,76

AL,168,78,29

AL,168,78,28

AR,19,-40,76

AR,18,-42,76

AL,168,78,26

AL,168,77,25

AR,18,-43,75

AR,17,-46,75

AL,168,77,24

AL,168,77,24

AR,16,-48,76

AR,15,-51,76

AL,168,77,23

AL,168,77,22

AR,14,-53,76

AR,13,-57,76

AL,169,77,21

AL,169,76,20

AR,12,-59,77

AR,10,-62,77

AR,9,-64,78

AR,8,-66,79

AL,169,76,20

AL,169,76,19

AR,5,-70,82

AL,169,76,19

AL,169,76,18

AR,2,-74,85

AR,0,-75,88

AL,169,75,18

AL,169,75,17

AR,356,-79,96

AR,354,-81,101

AL,170,75,16

AL,170,75,15

AR,353,-81,103

AR,353,-82,106

AL,170,75,13

AL,171,75,12

AR,353,-82,105

AR,354,-82,104

AL,171,75,9

AL,172,76,7

AR,354,-82,101

AR,353,-81,101

AL,172,76,3

AL,173,76,1

AR,354,-81,107

AR,355,-81,105

AL,174,76,-4

AL,175,75,-7

AR,356,-80,102

AR,357,-80,101

AL,177,75,-14

AL,178,74,-18

AR,356,-79,103

AR,357,-79,102

AL,180,73,-24

AL,180,72,-27

AR,358,-79,101

AR,358,-79,101

AL,181,70,-33

AL,182,70,-36

AR,358,-79,101

AR,359,-79,102

AL,182,68,-40

AL,182,68,-42

AR,359,-79,102

AR,359,-79,102

AL,182,67,-44

AL,182,67,-45

AR,0,-79,102

AR,0,-79,103AL,182,67,-46

AL,182,67,-47



AR,0,-79,103

AR,0,-80,103

AL,181,67,-47

AL,180,68,-47

AR,1,-80,103

AR,1,-80,103

AL,180,68,-46

AL,178,69,-45

AR,1,-80,103

AR,1,-81,103

AL,178,70,-44

AL,177,71,-42

AR,2,-81,103

AR,2,-81,103AL,176,72,-38

AL,175,73,-36



AR,0,-81,128

AL,174,74,-32

AL,174,74,-30

AR,1,-82,127

AR,1,-82,127

AL,174,75,-28

AL,173,75,-25

AL,173,76,-21

AL,172,77,-16

AR,2,-82,126

AR,2,-82,126

AL,172,77,-15

AL,173,77,-11

AR,1,-80,155

AR,0,-80,161

AL,173,77,-10

AL,173,78,-8

AR,359,-78,167

AR,359,-78,167

AL,174,78,-7

AL,175,78,-5

AL,175,78,-5

AL,175,78,-4

AR,359,-78,166

AR,359,-78,166

AL,176,78,-3

AL,176,78,-2

AR,0,-79,165

AR,0,-79,164

AL,176,78,-2

AL,176,79,-1

AR,0,-79,163

AR,0,-79,163

AL,177,79,0

AL,178,78,-4

AR,0,-79,162

AR,0,-79,162

AL,179,76,-9

AL,180,76,-11

AR,359,-79,161

AR,359,-79,160AL,181,75,-13

AL,181,74,-14



AR,0,-79,159

AL,181,73,-15

AL,181,73,-15

AR,0,-79,157

AR,0,-79,156

AL,181,73,-14

AL,181,74,-14

AL,180,74,-13

AL,180,74,-13AR,359,-79,155

AR,359,-79,155



AL,180,74,-11

AL,180,74,-11

AR,359,-79,152

AR,359,-79,152

AL,180,74,-10

AL,180,74,-9

AR,359,-79,151

AR,359,-79,150

AL,180,74,-8

AL,180,74,-7

AR,359,-79,149

AR,359,-79,149

AL,180,74,-6

AL,180,74,-5

AL,180,74,-4

AL,180,74,-3

AR,359,-79,148

AR,359,-79,147

AL,179,74,-2

AL,179,74,-1

AR,358,-78,148

AR,358,-78,148

AL,179,74,0

AL,179,74,0

AR,358,-78,147

AR,358,-78,146

AL,178,74,1

AL,178,74,2

AR,358,-78,145

AR,358,-79,145

AL,178,74,3

AL,178,74,3

AL,178,74,4

AL,177,74,7

AR,358,-79,143

AR,358,-79,143

AL,176,74,10

AL,176,75,12

AR,357,-79,141

AR,357,-79,141

AL,175,75,15

AL,175,75,16

AR,357,-79,141

AR,357,-79,140

AL,175,75,18

AL,174,75,19

AR,357,-79,140

AR,356,-79,139

AL,174,75,20

AL,174,75,20

AR,356,-79,138

AR,356,-79,138

AL,174,75,20

AL,174,75,21

AR,356,-79,137

AR,356,-79,137

AL,174,75,21

AL,173,75,21

AR,356,-79,136

AR,356,-79,136

AL,173,74,22

AL,173,74,22

AR,356,-79,136

AR,356,-79,136

AL,173,74,23

AL,173,74,23

AR,356,-79,135

AR,356,-79,135

AL,173,74,23

AL,173,74,23

AR,356,-79,134

AR,356,-79,134

AL,173,74,23

AL,173,74,23

AR,356,-79,133

AR,356,-79,133

AL,173,74,22

AL,174,74,22

AR,356,-79,132

AR,357,-79,132

AL,174,74,22

AL,174,74,22

AR,357,-79,132

AR,357,-79,132

AL,174,74,22

AL,174,74,22

AR,357,-79,131

AR,357,-79,131

AL,174,74,21

AL,174,74,21

AR,357,-79,131

AR,357,-79,130

AL,174,74,21

AL,174,74,21

AR,357,-79,130

AR,357,-79,130

AL,174,74,21

AL,174,74,21

AR,357,-79,130

AR,357,-79,130

AL,174,74,21

AL,174,74,20

AR,357,-79,130

AR,357,-79,129

AL,174,74,20

AR,357,-79,129

AR,357,-79,129

AL,174,74,20

AL,175,74,20

AR,357,-79,129

AR,357,-79,129

AL,175,73,20

AL,175,73,20

AR,358,-79,129

AR,358,-79,129

AL,175,73,20

AL,175,73,20

AR,358,-79,129

AR,358,-79,129

AL,175,73,19

AL,175,73,19

AR,358,-79,129

AR,358,-79,129

AL,175,73,19

AL,175,73,19

AR,358,-79,129

AR,358,-79,128

AL,175,73,19

AL,175,73,19

AR,358,-79,128AL,175,73,19



AL,175,73,19

AR,358,-79,128

AR,358,-79,128

AL,175,73,19

AL,175,73,19

AR,358,-79,128

AR,358,-79,128

AL,175,73,19

AL,175,73,19

AR,358,-79,128

AR,358,-79,128

AL,175,73,19

AL,175,73,19

AR,358,-79,128

AR,358,-79,128

AL,175,73,19

AL,175,73,19

AR,358,-79,128

AR,358,-79,128

AL,175,73,19

AL,175,73,19

AR,358,-79,128

AR,358,-79,128

AL,175,73,19AR,358,-79,127

AR,358,-79,127



AL,175,73,19

AL,175,73,19

AR,358,-79,127

AR,358,-79,127

AL,175,73,19

AL,175,73,19

AR,358,-79,127

AR,358,-79,127

AL,175,73,18

AL,175,73,18

AR,358,-79,127

AR,358,-79,127

AL,175,73,18

AL,175,73,18

AR,358,-79,127

AR,358,-79,127

AL,175,73,18

AL,175,73,18

AR,358,-79,127

AR,358,-79,127

AL,175,73,18

AL,175,73,18

AR,358,-79,127

AR,358,-79,127

AL,175,73,18

AL,175,73,18

AR,358,-79,127

AR,358,-79,127

AL,175,73,18

AL,175,73,18

AR,358,-79,127

AR,358,-79,127

AL,175,73,18

AL,175,73,18

AR,358,-79,127

AR,358,-79,127

AL,175,73,18

AL,175,73,18

AR,358,-79,127

AR,358,-79,128

AL,175,74,17

AL,175,74,17

AR,358,-79,128

AR,358,-79,128AL,175,74,17

AL,175,74,17



AR,358,-79,128

AL,176,74,17

AL,176,74,17

AR,358,-79,128

AR,358,-79,128

AL,176,74,17

AL,176,74,17

AR,358,-79,128

AR,358,-79,128

AL,176,74,17

AL,176,74,17

AR,358,-79,129

AR,358,-79,129

AL,176,74,17

AL,176,74,17

AR,358,-79,129

AR,358,-79,129

AL,176,74,17

AL,176,74,17

AR,358,-79,129

AR,358,-79,129

AL,176,74,17

AL,176,74,17

AL,176,74,17

AL,176,74,17

AR,358,-79,129

AR,358,-79,129

AL,176,74,17

AL,176,74,17

AR,358,-79,129

AR,358,-79,129

AL,176,74,17

AL,176,74,17

AR,358,-79,130

AR,358,-79,130

AL,176,74,17

AL,176,74,17

AR,358,-79,130

AR,358,-79,130

AL,176,74,17

AL,176,74,17

AL,176,74,17

AL,176,74,17

AR,358,-79,130

AR,358,-79,130

AL,175,74,17

AL,175,74,17

AR,358,-79,130

AR,358,-79,131

AL,175,74,17

AL,175,74,17

AR,358,-79,131

AR,358,-79,131

AL,175,74,18

AL,175,74,18

AR,358,-79,131

AR,358,-79,131

AL,175,74,18

AL,175,74,18

AR,358,-79,132

AR,357,-79,132

AL,175,74,18

AL,175,74,18

AR,357,-79,132

AR,357,-79,132

AL,175,74,18

AL,175,74,18

AR,357,-79,132

AR,357,-79,133

AL,175,74,18

AL,175,74,19

AR,357,-79,133

AR,357,-79,133

AL,175,74,19

AL,175,74,19

AR,357,-79,133

AR,357,-79,133

AL,175,74,19

AL,175,74,19

AR,357,-79,133

AR,357,-79,133

AL,174,74,19

AL,174,74,19

AR,357,-79,134

AR,357,-79,134

AL,174,74,19

AL,174,74,19

AR,357,-78,134

AR,357,-78,134

AL,174,74,19

AL,174,74,19

AR,357,-78,134

AR,357,-78,134

AL,174,74,19

AL,174,74,19

AR,357,-78,134

AR,357,-78,135

AL,174,74,19

AL,174,74,19

AR,357,-78,135

AR,357,-78,135

AL,174,74,19

AL,174,74,19

AR,357,-78,135

AR,357,-78,135

AL,174,74,19

AL,174,75,19

AR,357,-78,135

AR,357,-78,136

AL,174,75,20

AL,174,75,20

AR,357,-78,136

AR,357,-78,136

AL,174,75,20

AL,174,75,20

AR,356,-78,136

AR,356,-78,136

AL,174,75,20

AL,174,75,20

